1951,10;1 0,1 1,1 2,1 0,2 1,2 2,1 3,13 2,1 3,2 2,6 3,3 2,6 1,1 2,2 1,1 0,2 1,1 2,6 1,1 2,9 1,2 0,1 3,2 2,7 0,1 1,15 0,2 0,1 2,1 6,1 5,15 0,15 0,15 0,15 0,15 0,15 0,15 0,15 0,14 0,
1961,10;1 0,1 1,1 2,1 0,1 2,2 1,1 3,1 2,1 3,1 1,1 2,2 3,7 2,1 3,3 2,1 3,1 2,1 3,1 2,2 3,1 1,2 2,1 1,4 0,4 1,1 0,5 1,1 2,2 1,3 2,7 1,1 0,1 1,1 2,1 6,1 4,1 3,15 0,11 0,1 6,1 5,1 0,1 2,15 0,15 0,15 0,15 0,15 0,15 0,15 0,15 0,12 0,
1971,9;1 0,1 1,1 2,3 0,1 1,2 3,2 2,1 1,4 3,1 2,3 3,1 2,2 3,2 2,1 3,5 2,3 1,1 0,14 1,1 2,1 1,4 2,5 1,2 2,2 1,1 2,1 3,1 4,1 2,10 0,1 1,15 0,2 0,2 3,15 0,15 0,15 0,15 0,15 0,15 0,15 0,15 0,12 0,0 0,
1980,9;1 0,1 2,1 3,1 0,1 1,2 0,1 2,1 3,3 2,4 3,1 2,1 3,1 2,1 3,1 2,2 3,2 2,1 3,4 2,1 3,5 1,2 0,4 1,1 2,9 1,1 2,1 1,3 2,1 1,1 2,1 1,2 2,1 1,4 2,1 3,10 0,3 1,15 0,2 2,15 0,15 0,15 0,15 0,15 0,15 0,15 0,15 0,12 0,
1989,9;6 0,1 3,1 2,1 4,1 3,2 2,3 3,1 4,1 2,2 3,1 2,1 3,1 2,2 3,3 2,3 3,2 2,4 1,3 0,1 1,1 2,1 0,2 1,1 2,4 1,1 2,1 1,4 2,3 1,1 2,2 3,1 2,4 3,1 4,2 2,10 0,2 2,15 0,15 0,15 0,15 0,15 0,15 0,15 0,15 0,15 0,14 0,0 0,
1998,10;2 0,1 1,4 0,1 3,1 4,1 2,1 1,1 2,1 3,2 4,5 3,1 2,1 3,1 2,1 3,4 2,1 3,2 2,1 1,3 2,1 1,3 0,1 1,1 0,3 1,1 2,2 1,1 2,1 1,1 2,1 1,1 2,1 1,2 2,1 1,3 2,2 4,2 3,1 4,2 3,1 4,2 2,10 0,2 2,1 0,1 1,1 2,15 0,3 0,1 3,2 2,15 0,15 0,15 0,15 0,15 0,15 0,15 0,15 0,5 0,
2008,9;2 0,2 1,3 0,1 2,2 3,1 2,1 1,1 2,2 3,1 4,1 2,3 3,15 2,2 1,1 0,3 1,1 0,7 1,3 2,3 1,3 2,1 3,1 4,2 5,2 2,3 4,2 3,1 2,8 0,1 1,1 3,1 4,1 0,1 2,1 3,1 2,15 0,2 0,2 2,1 3,15 0,15 0,15 0,15 0,15 0,15 0,15 0,15 0,5 0,0 0,
2017,9;3 0,1 3,1 0,1 1,2 2,4 1,1 2,2 3,1 5,1 3,1 2,2 3,1 2,1 3,3 2,1 1,5 2,3 3,1 2,1 1,1 0,5 1,1 2,1 0,2 1,6 2,2 1,4 2,1 3,1 4,2 5,1 3,2 1,3 2,2 3,1 2,7 0,1 2,2 5,1 2,1 1,1 2,15 0,15 0,15 0,15 0,15 0,15 0,15 0,15 0,15 0,11 0,
2026,10;4 0,1 1,1 2,1 0,1 2,4 1,1 2,4 4,3 3,4 2,2 1,6 2,2 3,1 2,1 1,1 0,2 1,7 2,4 1,1 2,1 1,1 2,1 1,3 2,1 3,1 4,1 3,1 5,1 4,1 3,1 1,3 0,1 2,1 3,1 2,1 3,1 4,4 0,2 2,1 3,1 7,1 8,1 5,15 0,15 0,15 0,15 0,15 0,15 0,15 0,15 0,15 0,13 0,0 0,
2036,10;2 0,1 1,1 0,6 1,1 0,2 2,2 3,2 4,3 3,4 2,1 1,1 2,1 3,1 2,1 1,3 2,2 3,3 1,1 2,1 1,1 3,3 2,1 3,3 2,2 1,1 4,1 2,1 1,1 2,1 1,1 2,1 1,2 2,1 4,1 5,1 6,1 4,1 3,1 1,4 0,3 2,1 4,2 0,2 1,1 3,2 4,2 6,1 3,2 0,2 2,15 0,15 0,15 0,15 0,15 0,15 0,15 0,15 0,15 0,9 0,
2046,9;2 0,1 1,1 0,1 1,1 0,2 4,2 2,2 1,1 3,1 4,3 5,3 4,8 2,1 1,6 2,2 1,3 2,5 3,3 2,2 1,1 2,1 1,2 2,1 1,1 2,1 1,1 2,1 3,3 6,3 2,3 0,4 2,1 4,1 5,1 2,1 3,1 4,1 5,1 6,1 7,1 6,1 2,2 0,2 2,15 0,15 0,15 0,15 0,15 0,15 0,15 0,15 0,15 0,9 0,
2055,10;2 0,4 1,2 2,1 3,1 1,1 2,1 1,1 2,2 3,1 5,1 6,2 3,4 2,1 3,1 2,1 3,2 2,1 1,1 2,1 3,1 2,2 3,1 2,2 1,3 2,7 3,4 2,1 1,2 2,1 1,1 2,3 1,1 4,2 3,1 2,1 3,1 1,3 0,3 2,1 3,1 5,1 7,1 5,2 2,1 5,2 8,1 4,1 1,1 2,1 3,1 1,1 5,15 0,15 0,15 0,15 0,15 0,15 0,15 0,15 0,15 0,9 0,
2065,10;1 0,1 2,1 3,4 0,1 1,3 2,1 1,1 2,1 4,3 5,3 3,1 1,1 2,1 1,2 2,1 3,2 2,2 1,1 2,1 3,3 2,3 1,1 2,1 3,1 2,2 3,1 2,2 4,2 2,1 3,1 1,3 2,2 1,1 0,1 1,1 2,1 0,1 2,1 3,2 2,1 1,6 0,1 2,1 3,1 6,1 7,1 5,1 4,1 0,1 4,1 5,1 6,1 3,2 4,1 2,1 4,1 7,1 6,1 2,15 0,15 0,15 0,15 0,15 0,15 0,15 0,15 0,15 0,7 0,0 0,
2075,9;1 0,1 4,1 1,1 0,1 1,1 0,1 1,1 2,2 1,3 2,1 3,2 5,1 6,1 3,2 2,2 1,3 2,1 3,1 2,3 1,2 2,1 1,3 2,1 1,2 2,1 3,1 2,1 3,1 4,1 3,2 4,1 3,3 4,1 3,1 2,1 1,1 2,2 1,1 0,1 1,4 0,2 2,7 0,1 2,1 4,1 5,1 6,1 5,1 0,1 2,1 3,1 2,1 3,1 6,1 7,2 6,2 7,1 4,15 0,15 0,15 0,15 0,15 0,15 0,15 0,15 0,15 0,7 0,
2084,10;1 0,2 3,1 2,3 0,1 1,3 0,1 1,2 2,2 4,1 5,1 4,1 2,2 1,1 0,2 2,1 1,1 2,3 0,1 1,1 2,1 1,3 2,1 1,2 2,1 3,1 2,3 3,1 4,1 5,1 3,3 4,1 5,1 4,3 2,1 1,15 0,1 0,4 3,1 2,2 0,1 1,2 3,1 5,1 6,2 8,1 7,1 6,1 2,15 0,15 0,15 0,15 0,15 0,15 0,15 0,15 0,15 0,7 0,
2094,10;1 0,1 3,1 2,10 0,1 1,1 2,2 3,1 1,13 0,1 1,1 0,6 1,4 2,7 3,1 2,2 1,15 0,4 0,1 1,8 0,1 4,2 6,1 7,1 5,1 2,15 0,15 0,15 0,15 0,15 0,15 0,15 0,15 0,15 0,8 0,0 0,
2104,9;1 0,2 2,12 0,1 1,13 0,1 1,5 0,1 1,1 0,1 1,3 0,2 1,1 2,1 1,1 2,1 1,1 2,2 1,15 0,15 0,2 0,3 2,15 0,15 0,15 0,15 0,15 0,15 0,15 0,15 0,15 0,10 0,
2113,10;15 0,15 0,13 0,1 1,1 0,3 1,15 0,15 0,15 0,15 0,15 0,15 0,15 0,15 0,15 0,15 0,15 0,15 0,2 0,0 0,
2123,10;1 0,2 3,15 0,12 0,1 1,11 0,5 1,1 2,15 0,15 0,15 0,15 0,15 0,15 0,15 0,15 0,15 0,15 0,15 0,15 0,2 0,0 0,
2133,10;1 0,1 1,1 2,10 0,1 1,15 0,1 0,1 1,1 0,1 1,1 0,9 1,5 2,2 1,15 0,15 0,15 0,15 0,15 0,15 0,15 0,15 0,15 0,15 0,15 0,15 0,
2143,10;15 0,15 0,3 0,1 1,2 0,1 1,2 0,1 1,2 0,6 1,15 0,15 0,15 0,15 0,15 0,15 0,15 0,15 0,15 0,15 0,15 0,15 0,2 0,0 0,
2153,10;15 0,15 0,3 0,1 1,8 0,2 1,1 0,1 1,1 0,1 1,15 0,15 0,15 0,15 0,15 0,15 0,15 0,15 0,15 0,15 0,15 0,15 0,2 0,0 0,
2163,10;15 0,15 0,10 0,1 1,6 0,1 1,1 0,1 1,15 0,15 0,15 0,15 0,15 0,15 0,15 0,15 0,15 0,15 0,15 0,15 0,
2173,10;15 0,15 0,4 0,9 1,1 0,1 1,1 0,4 1,15 0,15 0,15 0,15 0,15 0,15 0,15 0,15 0,15 0,15 0,15 0,15 0,
2183,10;15 0,15 0,4 1,5 2,2 3,1 2,2 1,6 2,2 1,15 0,15 0,15 0,15 0,15 0,15 0,15 0,15 0,15 0,15 0,15 0,13 0,0 0,
2193,11;15 0,12 0,1 1,1 2,1 1,6 2,4 3,3 2,4 3,1 2,1 3,3 2,3 1,15 0,15 0,15 0,15 0,15 0,15 0,15 0,15 0,15 0,15 0,15 0,10 0,0 0,
2204,10;2 0,1 1,4 0,1 1,1 0,3 1,1 2,3 1,10 0,1 1,1 2,2 3,1 4,2 3,3 4,2 5,1 4,1 5,9 4,1 3,1 4,1 2,1 3,4 2,15 0,15 0,15 0,15 0,15 0,15 0,15 0,15 0,15 0,15 0,15 0,8 0,
2214,10;1 0,1 3,1 5,4 0,1 2,2 3,1 2,1 3,1 2,2 3,1 2,1 3,1 2,1 1,1 2,1 3,2 2,1 0,1 2,3 1,1 2,1 3,1 4,1 5,2 4,1 6,2 4,2 5,4 6,6 5,2 4,2 3,1 4,1 3,1 2,1 1,15 0,15 0,15 0,15 0,15 0,15 0,15 0,15 0,15 0,15 0,15 0,8 0,
2224,10;2 0,1 2,1 1,2 0,1 1,2 2,1 3,1 2,1 3,1 2,1 4,4 3,1 2,3 3,1 1,1 0,1 1,1 0,2 1,1 2,2 4,1 3,1 4,1 5,2 6,1 5,2 6,1 5,2 6,1 7,2 6,5 5,1 4,1 3,1 4,1 3,1 1,15 0,15 0,15 0,15 0,15 0,15 0,15 0,15 0,15 0,15 0,15 0,10 0,0 0,
2234,10;1 0,1 2,1 1,1 0,1 2,3 1,1 2,1 3,1 5,6 3,1 2,3 3,1 4,1 2,1 1,1 0,1 1,2 0,1 3,1 2,1 3,1 4,2 5,1 4,3 6,2 5,5 6,1 5,1 6,3 5,2 4,2 3,1 1,15 0,15 0,15 0,15 0,15 0,15 0,15 0,15 0,15 0,15 0,15 0,10 0,0 0,
2244,11;1 0,1 2,1 3,1 1,1 2,2 0,1 1,1 2,1 3,1 4,4 3,1 4,2 3,1 4,1 5,2 4,1 3,1 1,1 0,1 1,1 2,1 1,1 2,1 3,1 2,1 3,1 4,1 6,1 5,1 7,4 5,1 7,2 6,2 5,1 6,4 5,2 4,1 3,1 2,15 0,15 0,15 0,15 0,15 0,15 0,15 0,15 0,15 0,15 0,15 0,11 0,0 0,
2255,10;1 0,1 1,2 2,1 1,2 2,1 3,1 2,1 3,1 4,3 3,2 4,1 5,1 4,1 3,1 4,2 5,1 2,1 3,1 1,1 0,1 1,1 3,1 2,1 3,2 2,1 3,1 5,2 4,1 5,1 4,4 5,2 6,1 5,1 6,1 5,2 6,1 5,2 4,1 2,1 1,15 0,15 0,15 0,15 0,15 0,15 0,15 0,15 0,15 0,15 0,15 0,11 0,
2265,9;2 0,5 2,1 3,1 2,4 3,4 4,1 3,2 4,2 5,1 4,2 2,1 0,3 2,1 4,1 2,1 4,1 3,2 4,1 5,4 4,3 5,2 6,2 5,1 6,1 5,2 4,1 3,1 2,15 0,15 0,15 0,15 0,15 0,15 0,15 0,15 0,15 0,15 0,15 0,12 0,
2274,10;2 0,1 5,1 0,3 2,5 3,1 4,1 3,7 4,1 5,2 3,1 2,2 1,1 3,1 2,1 3,1 2,4 4,3 3,3 4,8 5,1 4,1 3,1 2,1 1,15 0,15 0,15 0,15 0,15 0,15 0,15 0,15 0,15 0,15 0,15 0,12 0,
2284,11;2 0,3 3,1 2,1 3,1 2,2 3,1 4,1 3,2 4,1 5,4 4,2 3,1 4,1 5,1 2,1 3,3 1,1 2,2 3,2 4,1 3,2 2,1 3,1 2,1 3,3 4,3 5,4 4,1 2,3 1,1 0,1 1,15 0,15 0,15 0,15 0,15 0,15 0,15 0,15 0,15 0,15 0,15 0,10 0,
2295,9;2 0,1 2,1 3,2 2,1 3,1 1,4 3,2 4,1 5,4 4,2 3,2 4,1 2,1 3,3 1,1 3,1 4,2 3,1 2,3 1,3 2,3 3,5 4,1 3,2 2,3 1,1 0,2 1,15 0,15 0,15 0,15 0,15 0,15 0,15 0,15 0,15 0,15 0,15 0,9 0,
2304,10;1 0,2 1,1 0,4 2,3 3,1 4,1 3,6 4,3 3,2 1,2 2,2 1,1 4,2 3,1 2,1 1,1 2,2 1,6 2,2 4,2 3,9 1,15 0,15 0,15 0,15 0,15 0,15 0,15 0,15 0,15 0,15 0,15 0,10 0,
2314,10;4 0,4 2,4 3,6 4,2 3,1 4,1 3,2 2,1 0,2 1,1 2,2 3,1 2,3 1,1 0,1 2,3 1,1 2,2 1,2 2,11 1,15 0,15 0,15 0,15 0,15 0,15 0,15 0,15 0,15 0,15 0,15 0,10 0,0 0,
2324,9;2 0,2 2,1 3,1 2,1 3,1 2,1 3,1 4,4 3,5 4,1 3,3 2,1 3,1 0,2 2,1 1,1 3,2 1,1 2,3 1,2 2,7 1,1 0,9 1,15 0,15 0,15 0,15 0,15 0,15 0,15 0,15 0,15 0,15 0,15 0,11 0,
2333,10;1 0,1 1,5 2,1 4,3 3,8 4,2 3,1 2,1 1,2 2,3 3,3 1,2 2,2 1,3 2,13 1,2 2,15 0,15 0,15 0,15 0,15 0,15 0,15 0,15 0,15 0,15 0,15 0,12 0,0 0,
2343,9;1 0,1 1,1 3,1 2,1 3,1 1,5 3,7 4,3 3,4 2,1 1,2 3,1 1,1 2,1 1,2 2,4 1,1 2,5 1,2 2,7 1,15 0,15 0,15 0,15 0,15 0,15 0,15 0,15 0,15 0,15 0,15 0,13 0,0 0,
2352,10;1 0,1 2,3 3,1 1,5 3,3 4,1 3,3 4,2 3,1 2,1 3,5 2,2 1,1 3,1 1,2 2,2 1,1 2,1 0,3 1,1 2,1 1,1 2,2 1,1 2,6 1,15 0,15 0,15 0,15 0,15 0,15 0,15 0,15 0,15 0,15 0,15 0,13 0,
2362,10;2 0,4 3,1 2,2 3,1 4,2 3,7 4,3 3,4 2,3 1,1 0,1 1,1 2,1 1,1 2,2 1,2 2,3 1,2 2,1 1,1 2,4 1,1 2,2 1,15 0,15 0,15 0,15 0,15 0,15 0,15 0,15 0,15 0,15 0,15 0,13 0,
2372,10;2 0,1 2,1 4,2 3,1 2,2 3,1 4,2 3,1 5,4 4,1 5,2 4,1 3,1 1,1 3,2 1,2 2,2 1,1 0,1 1,1 2,5 1,1 0,10 1,1 2,1 1,1 0,1 1,15 0,15 0,15 0,15 0,15 0,15 0,15 0,15 0,15 0,15 0,15 0,13 0,
2382,9;2 0,2 3,2 2,6 3,1 4,1 3,3 4,5 3,4 1,2 2,2 1,1 2,10 1,1 2,6 1,2 2,15 0,15 0,15 0,15 0,15 0,15 0,15 0,15 0,15 0,15 0,15 0,15 0,
2391,10;1 0,1 1,1 3,2 4,6 3,1 4,1 5,1 3,3 4,1 5,2 3,1 2,1 3,2 2,2 1,1 2,6 1,1 2,2 1,1 0,1 3,9 1,1 2,1 0,1 1,15 0,15 0,15 0,15 0,15 0,15 0,15 0,15 0,15 0,15 0,15 0,15 0,0 0,
2401,10;2 0,1 2,1 3,1 4,2 3,3 4,1 3,3 4,3 3,1 5,1 4,1 3,1 4,2 3,1 2,1 1,1 2,2 1,1 2,3 1,2 2,1 1,1 3,1 2,1 3,3 1,1 2,4 1,15 0,15 0,15 0,15 0,15 0,15 0,15 0,15 0,15 0,15 0,15 0,15 0,4 0,0 0,
2411,10;2 0,2 3,1 2,1 3,2 4,3 3,2 4,2 3,1 4,1 3,1 4,1 5,2 3,2 4,1 2,4 1,1 2,2 1,3 2,4 1,1 0,7 1,15 0,15 0,15 0,15 0,15 0,15 0,15 0,15 0,15 0,15 0,15 0,15 0,4 0,0 0,
2421,10;2 0,2 3,1 2,1 3,1 4,2 3,1 4,2 3,2 4,2 3,3 4,4 3,1 2,6 1,1 2,11 1,1 0,3 1,15 0,15 0,15 0,15 0,15 0,15 0,15 0,15 0,15 0,15 0,15 0,15 0,4 0,0 0,
2431,10;1 0,2 2,7 3,1 4,1 3,1 4,1 3,3 4,1 3,1 5,1 3,1 4,1 3,2 2,4 1,1 0,12 1,2 0,2 1,15 0,15 0,15 0,15 0,15 0,15 0,15 0,15 0,15 0,15 0,15 0,15 0,5 0,
2441,10;1 0,1 2,1 3,1 4,6 3,1 5,2 3,1 4,1 3,1 4,1 3,3 4,2 3,4 2,2 1,1 0,3 1,1 2,1 1,2 2,2 1,1 0,4 1,1 0,2 1,15 0,15 0,15 0,15 0,15 0,15 0,15 0,15 0,15 0,15 0,15 0,15 0,4 0,
2451,10;1 0,1 3,1 2,1 4,1 3,1 2,2 4,2 3,5 4,1 3,1 4,2 3,1 4,1 3,1 2,1 3,4 2,1 0,1 1,1 2,6 1,1 0,2 1,1 0,1 2,5 1,15 0,15 0,15 0,15 0,15 0,15 0,15 0,15 0,15 0,15 0,15 0,15 0,4 0,0 0,
2461,10;1 0,1 4,1 3,1 4,1 3,1 4,1 3,1 4,1 3,1 2,1 4,1 3,3 4,1 3,1 4,1 3,2 4,1 3,3 2,11 1,1 0,2 1,1 0,8 1,15 0,15 0,15 0,15 0,15 0,15 0,15 0,15 0,15 0,15 0,15 0,15 0,3 0,0 0,
2471,10;1 0,2 3,1 2,2 3,1 4,1 3,2 4,1 3,1 4,5 3,1 2,3 3,6 2,1 1,1 0,2 2,3 1,1 2,1 0,1 2,3 1,1 0,2 2,1 1,1 0,2 1,15 0,15 0,15 0,15 0,15 0,15 0,15 0,15 0,15 0,15 0,15 0,15 0,3 0,0 0,
2481,10;1 0,1 1,1 4,4 3,1 4,2 3,2 4,1 3,2 4,2 3,1 4,1 2,2 3,1 2,1 1,4 2,2 1,1 2,4 1,1 2,1 0,3 1,1 2,2 1,1 2,3 1,15 0,15 0,15 0,15 0,15 0,15 0,15 0,15 0,15 0,15 0,15 0,15 0,4 0,0 0,
2491,10;2 0,1 1,1 4,1 3,1 4,1 5,1 4,1 3,1 4,1 5,4 4,5 3,1 2,1 3,1 1,2 2,1 3,4 1,1 2,4 1,1 0,3 1,6 2,1 1,15 0,15 0,15 0,15 0,15 0,15 0,15 0,15 0,15 0,15 0,15 0,15 0,4 0,0 0,
2501,9;2 0,1 2,2 3,3 4,2 3,1 4,2 5,1 3,1 5,2 3,5 2,2 3,2 2,7 1,1 2,7 1,1 3,2 2,2 1,15 0,15 0,15 0,15 0,15 0,15 0,15 0,15 0,15 0,15 0,15 0,15 0,4 0,
2510,10;1 0,1 4,4 3,2 4,1 3,2 4,1 5,5 4,1 3,1 2,1 3,1 2,1 3,1 2,3 3,2 2,5 1,2 2,1 1,1 0,3 1,4 2,5 1,15 0,15 0,15 0,15 0,15 0,15 0,15 0,15 0,15 0,15 0,15 0,15 0,1 0,
2520,10;1 0,1 3,1 2,1 3,1 4,1 3,2 4,2 3,2 5,1 4,2 2,1 3,1 4,1 2,1 3,1 4,1 3,2 2,2 3,3 2,3 1,1 2,1 0,5 1,1 2,2 1,2 2,1 3,5 1,15 0,15 0,15 0,15 0,15 0,15 0,15 0,15 0,15 0,15 0,15 0,15 0,1 0,
2530,10;1 0,1 3,1 4,1 2,2 3,2 4,1 3,1 4,1 3,1 5,1 3,1 2,1 4,1 2,1 4,1 2,2 4,5 3,4 2,10 1,2 2,1 1,3 2,3 1,15 0,15 0,15 0,15 0,15 0,15 0,15 0,15 0,15 0,15 0,15 0,15 0,2 0,0 0,
2540,10;1 0,3 2,5 3,4 4,1 3,3 4,1 3,2 4,1 2,2 3,2 2,1 3,1 2,2 1,1 0,4 1,1 2,1 1,2 2,1 1,2 2,2 1,4 2,1 0,2 1,15 0,15 0,15 0,15 0,15 0,15 0,15 0,15 0,15 0,15 0,15 0,15 0,0 0,
2550,10;1 0,1 2,1 4,3 3,1 4,1 5,2 3,2 5,1 3,1 4,1 5,1 4,1 3,1 2,1 4,1 5,3 3,4 2,1 1,1 2,1 0,13 1,1 2,2 1,1 2,1 1,15 0,15 0,15 0,15 0,15 0,15 0,15 0,15 0,15 0,15 0,15 0,15 0,2 0,0 0,
2560,10;1 0,1 3,1 2,1 5,2 3,2 4,1 3,3 4,2 3,1 5,5 4,4 3,1 2,1 3,1 2,1 1,1 2,1 1,1 2,2 1,1 3,2 2,1 1,1 2,1 1,2 2,1 1,1 0,2 2,3 1,15 0,15 0,1 2,15 0,15 0,15 0,15 0,15 0,15 0,15 0,15 0,15 0,15 0,1 0,
2570,10;3 0,2 4,1 5,2 4,1 3,1 4,1 5,1 4,1 3,1 2,1 5,1 6,1 4,1 5,1 2,1 4,1 3,1 2,1 3,6 2,1 1,1 2,3 1,1 2,1 1,1 2,1 1,1 2,1 1,1 2,1 3,5 1,15 0,15 0,1 0,2 2,15 0,15 0,15 0,15 0,15 0,15 0,15 0,15 0,15 0,15 0,
2580,9;2 0,1 2,5 4,1 3,1 4,1 5,1 4,1 3,1 4,2 5,2 4,3 3,3 2,1 1,1 2,1 1,2 2,1 1,2 2,9 1,1 2,5 1,15 0,15 0,15 0,15 0,15 0,15 0,15 0,15 0,15 0,15 0,15 0,15 0,3 0,0 0,
2589,11;3 0,1 1,2 3,2 4,1 3,1 4,1 5,1 4,1 3,1 6,1 4,1 5,1 3,2 2,1 3,1 4,1 2,1 3,3 2,2 1,3 2,1 3,2 2,6 1,1 2,1 1,1 2,4 1,15 0,15 0,15 0,15 0,15 0,15 0,15 0,15 0,15 0,15 0,15 0,15 0,3 0,0 0,
2600,9;1 0,2 1,1 2,2 3,1 4,1 5,1 4,2 5,1 4,1 3,2 5,1 4,3 3,1 4,5 2,1 1,1 2,1 1,1 3,3 2,1 3,1 2,3 1,1 2,1 1,1 2,2 1,1 2,1 3,2 1,15 0,15 0,15 0,15 0,15 0,15 0,15 0,15 0,15 0,15 0,15 0,15 0,4 0,0 0,
2609,10;1 0,1 2,1 1,1 3,5 4,2 5,2 3,1 5,2 4,1 3,4 2,2 3,4 2,2 1,6 2,10 1,15 0,15 0,15 0,15 0,15 0,15 0,15 0,15 0,15 0,15 0,15 0,15 0,5 0,0 0,
2619,10;2 0,2 2,1 3,1 4,2 5,2 4,1 5,2 3,3 5,2 4,1 1,2 2,2 3,1 2,1 1,2 2,1 1,5 2,1 1,1 3,2 1,1 2,2 1,2 2,3 1,1 0,1 1,1 0,1 1,15 0,15 0,15 0,15 0,15 0,15 0,15 0,15 0,15 0,15 0,15 0,15 0,1 0,
2629,10;1 0,1 1,2 2,1 3,3 4,1 5,2 4,1 3,1 4,3 5,1 4,1 3,1 1,1 2,1 1,1 2,1 3,3 2,1 1,8 2,3 1,1 2,6 1,3 0,1 1,15 0,15 0,15 0,15 0,15 0,15 0,15 0,15 0,15 0,15 0,15 0,15 0,1 0,
2639,10;2 0,1 2,1 3,2 4,3 5,1 4,1 5,2 3,1 5,1 4,2 5,3 2,2 3,2 2,1 1,1 3,7 2,5 1,1 2,6 1,2 0,1 1,1 4,15 0,15 0,15 0,15 0,15 0,15 0,15 0,15 0,15 0,15 0,15 0,15 0,1 0,
2649,10;1 0,1 3,1 2,1 3,2 4,1 5,1 4,1 5,1 4,2 3,1 4,2 5,1 3,2 2,1 3,1 2,2 3,3 2,2 3,7 2,1 1,1 2,1 1,1 0,4 1,1 0,3 1,1 0,1 2,15 0,15 0,15 0,15 0,15 0,15 0,15 0,15 0,15 0,15 0,15 0,15 0,2 0,
2659,10;2 0,1 2,1 3,3 4,2 5,2 4,1 3,1 2,1 5,2 4,2 3,1 4,1 2,1 3,3 2,1 1,2 3,2 2,2 1,4 2,1 1,1 2,8 1,15 0,15 0,15 0,15 0,15 0,15 0,15 0,15 0,15 0,15 0,15 0,15 0,5 0,
2669,9;2 0,1 1,2 4,1 5,1 4,1 5,5 4,2 5,2 4,1 3,1 2,1 3,1 2,1 1,2 2,1 3,1 2,1 3,1 2,1 1,2 2,1 1,3 2,1 1,2 2,8 1,4 0,1 1,15 0,15 0,15 0,15 0,15 0,15 0,15 0,15 0,15 0,15 0,15 0,14 0,
2678,10;1 0,1 1,1 2,1 3,1 5,2 4,1 5,1 4,1 3,1 4,1 5,1 4,1 5,1 3,2 5,3 3,2 2,1 1,2 2,1 1,9 2,1 1,2 2,2 1,1 2,6 1,3 0,1 1,15 0,15 0,15 0,15 0,15 0,15 0,15 0,15 0,15 0,15 0,15 0,14 0,
2688,10;2 0,1 2,1 5,1 4,1 5,3 4,1 3,1 5,4 3,1 5,1 2,2 3,4 2,1 1,4 2,1 1,1 2,1 4,1 2,1 3,4 2,1 1,1 2,8 1,2 0,1 1,1 2,1 3,15 0,15 0,15 0,15 0,15 0,15 0,15 0,15 0,15 0,15 0,15 0,13 0,
2698,10;2 0,3 3,1 5,5 4,2 3,1 4,1 3,1 5,1 3,1 4,1 2,1 4,2 2,1 1,1 2,1 1,9 2,1 1,3 2,1 0,6 1,1 0,1 1,4 0,1 1,11 0,1 1,15 0,15 0,15 0,15 0,15 0,15 0,15 0,15 0,15 0,15 0,15 0,1 0,0 0,
2708,9;2 0,1 2,1 1,1 3,1 4,1 5,1 2,1 4,1 5,2 4,1 2,2 3,1 6,1 4,1 2,2 3,2 2,1 3,1 1,2 2,2 3,9 2,1 1,1 2,5 1,1 0,2 1,4 0,1 1,15 0,4 0,1 3,15 0,15 0,15 0,15 0,15 0,15 0,15 0,15 0,15 0,15 0,8 0,0 0,
2717,10;2 0,2 2,1 3,2 4,1 3,1 5,3 4,1 3,2 4,1 5,1 4,2 2,1 1,1 3,1 2,1 3,6 2,1 1,5 2,1 1,1 3,8 1,15 0,1 0,1 1,9 0,1 3,15 0,15 0,15 0,15 0,15 0,15 0,15 0,15 0,15 0,15 0,8 0,
2727,10;1 0,1 2,1 4,1 3,3 4,1 2,3 4,1 3,1 2,1 5,1 4,1 5,1 4,1 3,1 2,1 1,2 2,2 1,4 2,1 3,2 2,2 3,1 1,1 2,4 1,1 2,5 1,5 0,1 1,10 0,1 2,15 0,15 0,15 0,15 0,15 0,15 0,15 0,15 0,15 0,15 0,15 0,3 0,0 0,
2737,9;2 0,1 1,3 4,1 3,1 1,3 4,2 3,2 4,2 5,1 4,2 3,6 2,1 1,3 2,2 3,3 2,1 3,3 2,1 1,1 0,1 1,1 2,2 1,5 0,1 1,15 0,15 0,15 0,15 0,15 0,15 0,15 0,15 0,15 0,15 0,15 0,14 0,0 0,
2746,10;2 0,1 3,4 4,1 0,1 4,1 2,1 4,2 3,1 5,5 4,1 3,1 2,1 1,2 2,1 1,1 2,2 1,1 2,1 3,10 2,1 0,1 1,1 3,2 2,1 1,2 0,1 1,1 0,1 1,14 0,1 1,15 0,15 0,15 0,15 0,15 0,15 0,15 0,15 0,15 0,15 0,14 0,
2756,9;2 0,1 1,1 2,1 4,1 3,1 4,3 3,1 4,1 3,1 2,1 5,4 4,2 3,1 2,1 1,2 3,1 2,2 1,3 2,2 1,3 2,1 3,2 2,4 1,1 3,1 2,1 1,15 0,5 0,2 1,15 0,15 0,15 0,15 0,15 0,15 0,15 0,15 0,15 0,15 0,13 0,0 0,
2765,10;1 0,2 2,3 4,1 6,1 0,1 5,2 4,1 2,1 3,5 4,1 3,1 4,1 1,2 2,1 3,1 2,1 1,1 2,1 1,1 2,1 3,7 2,2 1,2 2,4 1,1 0,3 1,14 0,1 2,1 0,2 2,1 1,15 0,15 0,15 0,15 0,15 0,15 0,15 0,15 0,15 0,15 0,12 0,0 0,
2775,10;1 0,4 3,2 5,1 1,5 3,2 4,1 5,1 3,1 4,2 2,1 1,1 3,1 2,2 3,5 2,1 3,4 2,1 1,3 2,5 1,1 0,1 1,1 2,3 0,1 2,10 0,1 1,1 2,1 3,1 0,1 5,1 1,1 2,15 0,15 0,15 0,15 0,15 0,15 0,15 0,15 0,15 0,15 0,12 0,
2785,10;1 0,1 1,2 2,2 3,1 5,1 3,1 4,1 3,2 2,1 3,1 4,3 3,1 4,3 2,1 1,2 2,3 1,5 2,1 1,2 2,1 1,1 2,2 3,3 1,1 2,1 1,1 0,1 1,1 2,3 0,1 2,1 1,8 0,3 1,1 0,3 1,1 0,1 2,15 0,15 0,15 0,15 0,15 0,15 0,15 0,15 0,15 0,15 0,11 0,0 0,
2795,9;3 0,2 3,4 4,1 3,1 2,1 4,1 3,3 4,1 5,1 3,1 2,1 3,1 1,1 0,1 2,1 3,2 2,2 0,1 2,2 1,1 2,1 1,3 2,1 3,2 2,1 1,2 2,4 1,4 0,1 1,9 0,2 1,3 2,3 0,1 1,1 2,15 0,15 0,15 0,15 0,15 0,15 0,15 0,15 0,15 0,15 0,10 0,0 0,
2804,10;3 0,2 3,1 5,4 3,3 2,2 4,1 3,1 4,2 3,1 2,1 3,1 1,2 2,1 1,1 2,1 1,1 0,2 1,4 2,1 1,1 2,1 3,1 2,1 3,3 2,3 1,2 0,1 2,12 0,4 1,1 2,1 1,15 0,15 0,15 0,15 0,15 0,15 0,15 0,15 0,15 0,15 0,14 0,0 0,
2814,10;3 0,1 3,1 1,1 5,1 4,2 3,1 4,2 3,1 4,1 5,1 3,1 4,1 5,1 3,2 2,1 1,2 2,4 1,1 3,5 1,3 2,3 3,2 2,1 1,1 2,2 1,4 0,1 2,10 0,1 1,2 2,1 1,2 3,15 0,15 0,15 0,15 0,15 0,15 0,15 0,15 0,15 0,15 0,14 0,
2824,10;2 0,1 1,1 2,1 3,1 4,1 3,1 5,9 4,4 2,1 3,1 2,1 0,5 1,2 2,1 1,3 2,1 3,1 4,5 2,1 0,3 1,1 2,1 0,1 1,1 2,10 0,1 1,1 2,1 1,3 2,2 1,15 0,15 0,15 0,15 0,15 0,15 0,15 0,15 0,15 0,15 0,12 0,
2834,9;2 0,1 2,1 1,1 3,2 4,1 2,1 1,1 4,2 3,4 4,2 3,1 2,1 1,4 2,1 0,2 1,1 0,1 2,2 1,1 0,1 1,3 2,2 3,1 2,3 1,2 2,1 1,1 0,1 1,13 0,1 1,1 2,1 1,2 2,1 1,1 2,2 1,15 0,15 0,15 0,15 0,15 0,15 0,15 0,15 0,15 0,15 0,11 0,
2843,10;2 0,1 4,2 2,1 3,1 4,1 3,1 2,1 4,1 5,1 4,1 2,1 5,1 4,1 5,1 2,1 4,1 3,1 1,1 2,2 3,2 1,1 0,1 1,1 0,5 1,1 2,1 3,1 2,1 3,3 2,1 3,3 2,1 1,1 2,14 0,1 2,1 0,3 1,1 2,4 1,15 0,15 0,15 0,15 0,15 0,15 0,15 0,15 0,15 0,15 0,10 0,0 0,
2853,10;1 0,1 1,1 2,1 1,1 2,1 3,1 5,1 2,1 3,1 5,1 4,2 2,3 4,1 3,1 5,2 2,1 3,2 2,3 1,1 0,5 1,6 2,1 3,4 2,2 1,15 0,2 0,5 1,1 2,1 1,15 0,15 0,15 0,15 0,15 0,15 0,15 0,15 0,15 0,15 0,11 0,0 0,
2863,9;3 0,2 2,2 4,1 3,2 4,1 3,1 2,1 3,2 4,1 3,1 2,1 4,5 2,1 3,1 2,3 0,2 1,1 2,1 1,2 2,1 1,3 3,2 2,1 1,1 2,4 1,1 0,1 2,1 3,1 1,12 0,2 1,1 0,1 2,1 1,1 2,15 0,15 0,15 0,15 0,15 0,15 0,15 0,15 0,15 0,15 0,12 0,0 0,
2872,11;2 0,1 1,1 0,2 3,1 4,1 3,1 4,1 1,1 2,2 5,1 4,1 3,1 4,4 3,1 4,1 3,1 2,1 0,1 1,3 0,1 1,1 2,3 1,2 2,2 3,1 4,4 2,1 3,2 2,1 1,1 2,15 0,1 1,1 2,1 0,3 1,15 0,15 0,15 0,15 0,15 0,15 0,15 0,15 0,15 0,15 0,12 0,0 0,
2883,9;2 0,1 3,2 2,1 4,2 3,2 2,1 1,1 2,1 4,2 3,1 4,4 3,1 1,1 2,1 1,1 2,4 0,1 1,1 2,4 1,2 2,1 3,3 2,1 3,4 2,1 1,15 0,2 1,1 2,2 1,1 2,2 1,15 0,15 0,15 0,15 0,15 0,15 0,15 0,15 0,15 0,15 0,11 0,0 0,
2892,10;2 0,2 4,1 3,1 5,1 4,2 2,1 3,1 2,1 4,1 3,1 2,2 4,3 2,1 3,1 2,1 1,1 2,1 1,3 0,5 1,1 2,1 1,1 2,2 3,1 2,3 3,2 2,1 3,1 2,2 1,14 0,3 1,1 2,4 1,15 0,15 0,15 0,15 0,15 0,15 0,15 0,15 0,15 0,15 0,11 0,0 0,
2902,10;3 0,1 4,1 1,1 3,1 4,2 5,2 4,1 5,1 4,3 3,1 2,4 3,1 2,2 1,2 0,1 1,1 2,2 0,4 1,1 3,1 2,2 3,1 4,1 3,3 2,1 3,2 2,1 1,15 0,1 0,1 1,1 2,1 1,2 0,1 1,15 0,15 0,15 0,15 0,15 0,15 0,15 0,15 0,15 0,15 0,11 0,
2912,10;2 0,1 3,1 1,1 2,2 3,2 4,2 5,1 4,4 3,3 2,1 3,1 2,3 1,3 0,4 1,1 2,2 1,1 2,2 3,1 2,1 4,2 3,2 2,1 3,1 1,1 3,15 0,3 0,1 2,1 1,15 0,15 0,15 0,15 0,15 0,15 0,15 0,15 0,15 0,15 0,14 0,0 0,
2922,10;2 0,2 2,1 6,1 7,1 4,3 3,1 4,1 3,1 4,1 2,2 4,1 2,3 1,1 0,3 2,2 0,1 2,2 0,1 2,2 1,3 2,3 3,1 2,1 3,2 2,2 1,2 2,2 1,15 0,1 0,1 1,1 0,2 1,15 0,15 0,15 0,15 0,15 0,15 0,15 0,15 0,15 0,15 0,12 0,
2932,9;3 0,1 1,1 3,1 7,1 3,2 1,3 3,1 2,2 4,1 3,2 2,1 3,1 1,1 0,3 1,2 0,1 1,1 0,1 3,1 0,1 1,1 0,4 2,4 3,3 2,4 1,15 0,2 0,1 1,1 0,1 2,1 1,15 0,15 0,15 0,15 0,15 0,15 0,15 0,15 0,15 0,15 0,12 0,0 0,
2941,10;2 0,1 1,1 0,2 3,1 4,2 2,1 4,1 2,1 3,3 4,1 2,2 3,3 2,1 1,6 0,3 1,1 2,1 1,2 2,4 3,2 2,4 1,1 2,1 1,15 0,2 0,2 1,15 0,15 0,15 0,15 0,15 0,15 0,15 0,15 0,15 0,15 0,14 0,
2951,10;4 0,1 3,2 4,1 2,3 3,2 4,1 2,1 4,3 3,1 1,1 0,1 1,1 0,1 1,1 0,1 1,1 0,4 1,2 3,1 2,1 1,2 2,2 3,1 4,1 3,1 4,1 2,1 1,1 2,1 1,1 2,1 1,15 0,2 0,1 2,1 1,2 0,2 1,15 0,15 0,15 0,15 0,15 0,15 0,15 0,15 0,15 0,15 0,10 0,0 0,
2961,10;3 0,1 2,3 4,1 2,1 3,4 4,1 2,1 5,1 2,1 3,1 4,1 2,1 1,1 0,1 1,1 0,1 1,5 0,1 1,1 2,2 1,2 2,4 3,1 2,1 3,1 2,4 1,2 3,15 0,5 0,1 1,15 0,15 0,15 0,15 0,15 0,15 0,15 0,15 0,15 0,15 0,11 0,
2971,10;3 0,1 3,1 2,1 3,1 4,2 3,3 4,1 5,1 3,3 4,1 3,1 4,1 1,9 0,2 1,1 0,1 1,3 2,2 4,3 2,1 3,1 2,2 1,1 0,1 1,15 0,6 0,1 1,15 0,15 0,15 0,15 0,15 0,15 0,15 0,15 0,15 0,15 0,11 0,0 0,
2981,10;2 0,1 5,2 2,1 4,2 3,1 5,3 4,4 3,1 4,1 3,1 2,2 0,1 1,7 0,6 1,2 2,2 3,4 2,1 1,1 0,1 1,15 0,6 0,1 1,15 0,15 0,15 0,15 0,15 0,15 0,15 0,15 0,15 0,15 0,12 0,0 0,
2991,10;2 0,2 5,1 1,1 5,1 4,1 3,1 4,2 3,1 2,1 4,2 3,3 2,1 1,2 0,1 2,6 0,5 1,1 0,1 1,7 2,3 1,15 0,5 0,3 1,15 0,15 0,15 0,15 0,15 0,15 0,15 0,15 0,15 0,15 0,12 0,0 0,
3001,10;2 0,1 6,1 1,3 4,1 3,1 4,1 3,2 4,1 3,1 2,4 3,1 2,1 1,1 3,1 2,1 0,1 1,7 0,4 1,1 2,2 1,3 2,2 1,1 2,1 1,15 0,6 0,1 1,15 0,15 0,15 0,15 0,15 0,15 0,15 0,15 0,15 0,15 0,13 0,0 0,
3011,10;2 0,1 6,1 0,1 1,1 5,1 3,2 2,1 4,1 2,1 4,1 3,2 1,1 2,1 1,1 0,1 1,1 2,1 4,1 1,8 0,2 1,2 2,1 3,4 1,3 2,1 0,1 1,1 0,2 1,15 0,15 0,15 0,15 0,15 0,15 0,15 0,15 0,15 0,15 0,15 0,15 0,3 0,
3021,9;2 0,1 6,2 2,1 3,1 4,2 3,1 4,1 5,2 3,1 1,2 2,1 1,2 2,1 1,8 0,3 1,1 0,1 3,3 2,3 1,3 2,2 1,1 0,1 2,1 1,15 0,2 0,1 1,1 2,15 0,15 0,15 0,15 0,15 0,15 0,15 0,15 0,15 0,15 0,14 0,
3030,10;2 0,1 4,1 0,1 3,2 4,3 3,1 4,1 3,1 4,1 2,1 0,2 1,1 2,1 1,10 0,1 1,1 0,1 1,2 0,1 1,1 3,3 1,1 2,1 1,1 2,2 1,1 0,1 1,9 0,1 1,8 0,1 2,15 0,15 0,15 0,15 0,15 0,15 0,15 0,15 0,15 0,15 0,15 0,0 0,
3040,10;2 0,1 4,1 2,1 4,1 2,5 1,2 0,1 1,1 0,4 1,10 0,1 1,1 0,1 2,1 1,1 0,2 1,3 0,7 1,9 0,1 2,15 0,15 0,15 0,15 0,15 0,15 0,15 0,15 0,15 0,15 0,15 0,9 0,0 0,
3050,11;1 0,1 1,1 6,1 2,1 4,2 3,1 2,1 3,3 2,1 1,1 2,2 1,1 2,2 1,2 0,1 1,9 0,1 2,2 1,1 0,1 1,1 0,1 1,4 0,6 1,15 0,15 0,15 0,15 0,15 0,15 0,15 0,15 0,15 0,15 0,15 0,15 0,2 0,
3061,10;1 0,1 2,1 5,1 1,1 2,2 3,1 2,1 1,1 0,1 1,2 0,1 2,3 0,1 1,2 0,1 1,15 0,15 0,15 0,15 0,15 0,15 0,15 0,15 0,15 0,15 0,15 0,15 0,15 0,14 0,
3071,10;1 0,1 5,1 6,1 1,1 2,1 4,1 3,2 2,1 3,1 4,1 2,2 1,5 0,1 2,1 3,3 0,1 1,2 0,1 1,15 0,15 0,15 0,15 0,15 0,15 0,15 0,15 0,15 0,15 0,15 0,15 0,15 0,7 0,0 0,
3081,9;1 0,2 5,1 2,1 3,1 4,1 2,2 1,1 2,1 4,2 1,1 2,5 0,1 2,1 1,1 0,1 1,1 2,1 1,3 0,1 1,15 0,15 0,15 0,15 0,15 0,15 0,15 0,15 0,15 0,15 0,15 0,15 0,15 0,6 0,
3090,11;1 0,2 4,2 0,2 1,1 2,1 1,1 0,1 2,1 1,1 2,1 1,6 0,1 1,1 0,1 1,4 0,1 1,15 0,15 0,15 0,15 0,15 0,15 0,15 0,15 0,15 0,15 0,15 0,15 0,15 0,7 0,0 0,
3101,10;1 0,1 5,1 4,4 0,2 1,3 0,1 2,1 1,9 0,1 1,15 0,15 0,15 0,15 0,15 0,15 0,15 0,15 0,15 0,15 0,15 0,15 0,15 0,11 0,
3111,10;1 0,1 3,1 5,4 0,1 1,1 2,1 1,2 2,1 1,3 0,1 1,5 0,3 1,15 0,15 0,15 0,15 0,15 0,15 0,15 0,15 0,15 0,15 0,15 0,15 0,15 0,10 0,0 0,
3121,10;6 0,1 1,2 3,1 1,2 4,2 2,2 0,2 2,2 0,1 1,1 0,1 1,1 2,2 1,15 0,15 0,15 0,15 0,15 0,15 0,15 0,15 0,15 0,15 0,15 0,15 0,15 0,9 0,
3131,10;4 0,1 2,1 1,1 0,1 1,1 2,1 1,1 3,1 4,1 1,1 2,1 1,5 0,1 3,1 2,1 0,1 2,1 1,15 0,15 0,15 0,15 0,15 0,15 0,15 0,15 0,15 0,15 0,15 0,15 0,15 0,10 0,
3141,10;1 0,1 2,1 5,1 2,1 3,1 1,1 2,1 3,1 4,1 1,1 3,1 5,1 2,3 0,1 2,2 0,1 2,1 0,2 1,1 2,1 1,15 0,15 0,15 0,15 0,15 0,15 0,15 0,15 0,15 0,15 0,15 0,15 0,15 0,10 0,0 0,
3151,10;1 0,1 2,1 5,1 4,1 3,4 4,1 1,1 4,1 6,1 3,2 1,2 2,1 1,1 2,1 1,1 3,2 1,1 2,1 1,2 3,1 1,1 3,1 2,4 1,2 0,3 1,1 0,1 1,1 2,1 1,1 3,3 2,2 1,2 2,1 1,15 0,15 0,2 0,2 1,15 0,15 0,15 0,15 0,15 0,15 0,15 0,15 0,15 0,9 0,0 0,
3161,9;1 0,1 1,1 5,2 2,3 0,2 1,5 0,1 1,3 0,1 1,1 0,1 1,3 0,1 2,6 0,3 1,1 0,3 2,2 1,1 2,1 1,3 2,6 1,15 0,15 0,3 0,1 1,15 0,15 0,15 0,15 0,15 0,15 0,15 0,15 0,15 0,9 0,0 0,
3170,10;1 0,1 3,1 4,2 3,3 2,1 1,1 2,1 3,1 4,1 2,1 3,2 1,3 0,4 1,3 0,1 1,2 0,1 1,6 0,4 1,1 0,3 1,1 0,1 2,15 0,15 0,15 0,15 0,15 0,15 0,15 0,15 0,15 0,15 0,15 0,15 0,4 0,0 0,
3180,11;1 0,1 5,1 8,1 3,1 4,4 3,1 2,3 5,1 4,1 3,2 2,2 1,4 2,2 1,1 0,1 1,1 0,1 1,1 2,6 0,1 1,1 0,1 1,1 3,1 2,2 1,2 0,1 1,15 0,15 0,15 0,15 0,15 0,15 0,15 0,15 0,15 0,15 0,15 0,15 0,4 0,0 0,
3191,9;1 0,1 4,1 8,1 3,2 4,2 3,2 2,1 5,2 4,1 3,1 4,1 3,2 2,1 1,3 2,1 4,3 1,3 0,1 2,8 0,1 1,1 3,1 2,2 1,14 0,1 2,1 1,15 0,15 0,15 0,15 0,15 0,15 0,15 0,15 0,15 0,15 0,15 0,6 0,0 0,
3200,10;2 0,1 6,2 4,1 5,1 3,1 4,1 3,1 2,2 5,2 4,1 3,1 2,1 1,1 2,1 1,1 2,1 1,1 0,3 1,1 2,1 1,7 0,1 1,3 0,3 1,15 0,2 0,1 1,15 0,15 0,15 0,15 0,15 0,15 0,15 0,15 0,15 0,15 0,15 0,6 0,
3210,10;2 0,1 1,1 2,2 4,1 3,1 4,2 3,2 5,1 4,1 3,1 2,1 3,1 1,1 2,1 1,1 3,1 2,1 1,1 4,1 2,1 0,2 2,1 0,1 1,2 0,1 1,6 0,2 1,15 0,15 0,15 0,15 0,15 0,15 0,15 0,15 0,15 0,15 0,15 0,15 0,10 0,0 0,
3220,10;1 0,1 1,1 4,1 1,1 3,1 4,1 3,1 4,2 3,2 5,2 4,1 3,2 2,1 1,1 0,2 1,2 4,1 2,4 1,1 2,1 1,8 0,2 1,15 0,15 0,15 0,15 0,15 0,15 0,15 0,15 0,15 0,15 0,15 0,15 0,10 0,
3230,10;2 0,1 3,1 2,3 3,1 4,1 3,3 5,2 4,1 2,1 1,1 3,1 2,2 1,1 2,1 3,1 5,2 3,1 1,2 0,1 1,9 0,1 1,1 2,1 0,1 2,3 0,1 1,15 0,15 0,15 0,15 0,15 0,15 0,15 0,15 0,15 0,15 0,15 0,15 0,4 0,
3240,10;2 0,2 2,3 3,1 4,1 3,1 5,1 4,1 5,2 4,1 2,1 1,1 2,2 1,1 2,1 3,1 2,1 3,1 2,1 3,1 2,3 0,1 1,9 0,1 1,1 0,1 1,3 0,1 1,15 0,15 0,15 0,15 0,15 0,15 0,15 0,15 0,15 0,15 0,15 0,15 0,4 0,0 0,
3250,10;2 0,1 2,1 1,2 3,1 2,1 4,1 3,1 5,2 4,1 3,1 4,1 2,1 1,1 2,2 1,1 2,1 3,1 1,3 2,1 0,1 1,2 0,1 1,15 0,15 0,15 0,15 0,15 0,15 0,15 0,15 0,15 0,15 0,15 0,15 0,15 0,5 0,0 0,
3260,10;3 0,1 2,2 3,1 2,1 4,1 3,2 5,2 4,1 3,2 2,1 0,2 1,1 2,2 1,1 2,1 3,3 1,1 0,2 1,15 0,7 0,1 2,15 0,15 0,15 0,15 0,15 0,15 0,15 0,15 0,15 0,15 0,15 0,12 0,
3270,10;2 0,2 2,3 3,2 4,3 5,1 3,1 4,1 3,1 2,2 1,1 2,1 3,1 0,1 1,1 2,1 3,1 2,1 1,1 0,1 1,1 0,1 1,15 0,7 0,1 2,1 1,15 0,15 0,15 0,15 0,15 0,15 0,15 0,15 0,15 0,15 0,15 0,11 0,
3280,9;2 0,1 1,1 3,2 4,1 3,1 4,1 3,1 5,1 4,1 5,2 3,1 4,1 1,1 2,1 0,1 2,1 1,1 2,1 1,1 2,1 3,2 1,2 0,1 1,8 0,1 1,7 0,1 1,15 0,15 0,15 0,15 0,15 0,15 0,15 0,15 0,15 0,15 0,15 0,15 0,4 0,0 0,
3289,11;2 0,1 2,1 5,1 3,4 4,1 5,1 4,3 3,1 2,1 1,1 3,3 1,2 3,1 4,2 3,2 1,1 0,1 1,2 0,2 2,4 0,1 1,6 0,1 1,15 0,15 0,15 0,15 0,15 0,15 0,15 0,15 0,15 0,15 0,15 0,15 0,5 0,0 0,
3300,9;1 0,1 1,2 2,7 4,3 3,2 2,2 1,1 2,1 4,1 3,1 1,1 2,1 3,1 2,4 1,1 0,1 1,5 0,1 1,1 2,6 0,1 1,15 0,15 0,15 0,15 0,15 0,15 0,15 0,15 0,15 0,15 0,15 0,15 0,5 0,0 0,
3309,10;2 0,2 2,2 3,7 4,4 2,1 1,1 3,1 4,1 2,2 3,1 4,3 1,15 0,2 0,1 1,15 0,15 0,15 0,15 0,15 0,15 0,15 0,15 0,15 0,15 0,15 0,15 0,5 0,
3319,10;2 0,1 1,1 2,1 4,2 3,6 4,1 3,4 2,1 0,1 4,4 1,2 2,2 1,1 0,1 1,7 0,1 1,4 0,1 1,15 0,15 0,15 0,15 0,15 0,15 0,15 0,15 0,15 0,15 0,15 0,15 0,7 0,
3329,10;2 0,1 1,1 2,1 6,2 3,1 5,5 4,2 2,1 1,1 0,1 1,1 0,5 2,1 1,1 2,1 0,1 2,1 1,8 0,1 1,3 0,4 1,15 0,15 0,15 0,15 0,15 0,15 0,15 0,15 0,15 0,15 0,15 0,15 0,5 0,0 0,
3339,10;3 0,1 1,3 3,1 5,2 3,2 5,1 4,1 2,2 1,1 0,1 2,1 0,1 2,2 4,2 2,1 1,2 2,3 1,2 2,5 0,2 1,2 0,3 1,1 2,1 0,2 1,15 0,15 0,15 0,15 0,15 0,15 0,15 0,15 0,15 0,15 0,15 0,15 0,2 0,0 0,
3349,10;2 0,1 3,1 2,5 3,1 2,1 3,1 4,1 3,1 2,1 1,1 2,1 0,1 3,2 2,1 1,2 2,6 1,3 2,6 0,1 1,1 0,1 1,2 0,1 1,4 0,1 1,15 0,15 0,15 0,15 0,15 0,15 0,15 0,15 0,15 0,15 0,15 0,15 0,1 0,0 0,
3359,10;2 0,2 1,2 3,1 4,2 3,3 4,2 2,2 1,2 2,2 3,4 2,2 3,4 1,1 0,1 1,2 2,4 0,1 2,1 0,1 2,1 0,1 2,1 1,15 0,15 0,15 0,15 0,15 0,15 0,15 0,15 0,15 0,15 0,15 0,15 0,6 0,
3369,10;2 0,2 2,5 3,2 4,3 3,1 1,1 2,1 4,2 3,1 1,1 2,1 4,5 2,1 1,1 2,2 1,1 0,2 1,4 0,1 1,1 0,2 1,1 3,1 0,1 1,1 0,1 1,15 0,15 0,15 0,15 0,15 0,15 0,15 0,15 0,15 0,15 0,15 0,15 0,3 0,
3379,9;2 0,1 2,1 1,1 4,2 3,1 4,1 3,1 5,1 4,1 3,1 2,1 3,2 2,2 4,1 1,1 2,2 3,2 1,3 2,1 1,1 2,4 0,1 2,3 1,1 0,1 2,1 0,2 1,1 2,1 1,3 0,2 1,15 0,15 0,15 0,15 0,15 0,15 0,15 0,15 0,15 0,15 0,15 0,15 0,1 0,0 0,
3388,10;2 0,1 1,1 3,1 4,2 3,1 2,1 3,1 4,2 3,1 4,2 2,2 1,3 2,2 1,5 2,5 1,5 0,3 1,2 0,2 1,15 0,15 0,15 0,15 0,15 0,15 0,15 0,15 0,15 0,15 0,15 0,15 0,6 0,0 0,
3398,10;3 0,1 1,3 3,1 4,1 2,2 4,4 2,1 1,1 4,5 2,1 1,4 2,3 1,1 0,1 1,6 0,4 1,15 0,15 0,15 0,15 0,15 0,15 0,15 0,15 0,15 0,15 0,15 0,15 0,8 0,
3408,10;2 0,1 1,1 4,1 5,2 3,1 2,1 3,1 2,1 4,2 2,2 1,1 2,1 4,4 2,1 1,4 2,1 1,1 2,1 1,1 2,1 0,1 2,2 0,1 1,2 0,1 1,1 0,3 1,15 0,15 0,7 0,1 1,15 0,15 0,15 0,15 0,15 0,15 0,15 0,15 0,15 0,15 0,
3418,9;2 0,1 1,2 6,1 3,2 4,2 3,1 4,1 3,1 2,1 0,1 2,1 1,1 3,1 2,1 0,1 4,2 3,4 2,2 1,1 2,3 1,6 0,2 1,15 0,6 0,2 1,2 2,1 1,13 0,1 3,1 2,15 0,15 0,15 0,15 0,15 0,15 0,15 0,15 0,15 0,14 0,0 0,
3427,11;2 0,1 3,1 4,1 3,1 2,1 3,1 4,1 3,1 4,1 2,1 4,1 2,3 1,4 4,3 3,4 2,1 1,2 2,2 1,7 0,1 1,15 0,6 0,2 2,1 1,1 3,1 2,12 0,2 2,1 1,15 0,15 0,15 0,15 0,15 0,15 0,15 0,15 0,15 0,14 0,
3438,9;2 0,1 3,1 2,2 3,1 2,1 4,1 2,1 3,1 4,1 3,1 2,2 1,1 2,1 5,2 4,2 3,1 2,1 4,2 2,2 1,1 2,1 0,2 2,2 1,5 0,1 1,1 0,1 1,15 0,2 0,1 2,1 1,1 0,1 3,2 2,1 3,1 2,13 0,1 1,15 0,15 0,15 0,15 0,15 0,15 0,15 0,15 0,15 0,15 0,0 0,
3447,10;3 0,1 1,2 3,2 2,1 4,1 5,2 3,1 2,2 1,4 2,1 3,1 2,1 1,3 2,2 1,1 2,1 1,2 2,2 1,1 0,1 1,2 0,3 1,3 0,1 1,1 0,1 2,1 3,10 0,1 1,3 3,1 2,1 3,1 4,1 2,1 1,15 0,15 0,15 0,15 0,15 0,15 0,15 0,15 0,15 0,15 0,14 0,0 0,
3457,10;1 0,1 1,1 2,3 1,2 2,1 4,1 5,1 4,1 2,1 1,3 2,1 3,1 2,1 3,2 2,1 3,1 2,1 3,3 2,2 1,2 3,2 1,2 0,1 2,3 0,1 1,3 0,2 3,1 0,1 1,10 0,2 2,1 4,5 3,1 2,1 1,11 0,1 1,15 0,15 0,15 0,15 0,15 0,15 0,15 0,15 0,15 0,15 0,1 0,0 0,
3467,10;2 0,2 2,1 3,1 2,3 3,1 4,2 3,2 2,4 1,1 3,1 2,2 3,2 2,1 3,2 2,2 1,3 2,1 1,1 0,1 1,7 0,1 1,2 0,1 1,12 0,2 3,4 4,2 3,1 1,10 0,3 2,1 1,15 0,15 0,15 0,15 0,15 0,15 0,15 0,15 0,15 0,14 0,
3477,10;1 0,2 2,2 3,1 2,3 3,1 2,1 3,1 2,1 3,1 2,1 1,1 2,2 1,2 2,1 3,1 2,1 3,1 2,1 3,2 2,1 1,1 0,1 2,1 4,1 3,1 1,1 0,1 1,4 0,1 1,1 0,1 1,15 0,2 0,1 2,1 4,1 5,1 4,1 3,1 4,1 3,1 2,9 0,1 2,2 3,3 2,15 0,15 0,15 0,10 0,1 2,6 3,15 0,15 0,15 0,15 0,15 0,11 0,
3487,10;1 0,3 1,7 3,1 2,1 3,2 2,3 1,1 2,1 3,1 2,1 3,1 5,1 2,1 3,2 4,2 1,1 3,1 4,1 2,1 1,1 0,1 1,2 0,1 1,1 0,1 1,12 0,1 2,6 0,1 1,1 2,1 5,2 3,2 4,1 3,2 2,8 0,5 2,15 0,15 0,15 0,9 0,2 3,6 4,2 3,15 0,15 0,15 0,15 0,15 0,9 0,0 0,
3497,10;1 0,2 1,1 3,1 4,1 3,2 2,3 3,3 2,3 1,1 2,1 1,4 3,1 4,1 2,1 5,1 3,1 1,2 3,1 2,1 1,2 0,1 2,10 0,1 1,3 0,1 1,1 0,1 2,2 1,5 0,1 1,1 3,1 2,2 3,1 2,3 3,2 2,7 0,1 1,2 3,1 1,1 2,15 0,15 0,7 0,1 3,15 0,1 0,1 3,2 5,4 4,2 5,1 4,1 3,15 0,15 0,15 0,15 0,15 0,8 0,
3507,9;1 0,2 1,1 2,1 4,3 2,1 3,2 2,1 3,2 2,3 1,1 5,1 2,4 3,2 2,1 4,1 1,1 0,1 2,1 3,1 1,1 2,1 3,2 0,1 1,2 0,1 2,10 0,1 1,10 0,3 1,1 2,1 1,1 3,1 2,3 3,1 2,1 1,7 0,1 2,15 0,15 0,8 0,2 3,1 2,15 0,3 3,1 0,2 3,1 4,3 5,1 4,2 3,15 0,15 0,15 0,15 0,15 0,6 0,
3516,10;3 0,1 1,2 3,1 4,1 3,1 2,2 3,2 2,2 1,2 2,1 4,1 1,3 3,1 2,1 3,1 2,2 3,2 1,1 2,1 1,3 2,4 0,2 1,15 0,8 0,2 1,1 2,2 3,1 5,1 3,1 2,1 1,15 0,15 0,14 0,3 3,1 4,1 3,15 0,7 0,1 3,1 4,1 3,1 4,2 3,15 0,15 0,15 0,15 0,15 0,6 0,0 0,
3526,10;3 0,1 2,1 3,2 4,1 3,1 2,1 5,1 4,1 2,1 3,2 2,1 0,2 2,1 3,9 2,3 1,2 2,1 3,2 1,2 0,2 1,15 0,11 0,1 1,1 2,2 4,1 2,10 0,1 2,1 3,15 0,15 0,3 0,1 3,2 4,1 5,1 4,2 3,13 0,1 2,1 3,2 0,1 2,3 0,1 4,1 3,15 0,15 0,15 0,15 0,15 0,9 0,
3536,10;2 0,1 1,1 2,1 4,1 2,1 3,2 4,1 3,10 2,2 3,1 1,1 2,3 3,2 2,1 0,1 2,1 1,1 2,3 1,2 0,1 2,8 0,2 3,15 0,3 0,1 2,2 4,1 2,10 0,1 2,1 3,15 0,10 0,1 2,1 3,4 0,1 3,1 4,2 3,1 4,4 5,1 4,7 0,3 3,1 2,3 4,1 3,2 4,1 3,1 4,4 3,15 0,15 0,15 0,15 0,15 0,8 0,0 0,
3546,9;1 0,1 3,1 0,1 2,3 3,3 4,1 3,2 2,1 4,3 2,1 1,1 3,3 2,1 1,1 3,2 2,1 3,2 2,2 0,3 2,2 0,1 2,2 0,1 1,7 0,2 1,15 0,3 0,1 1,3 2,11 0,1 1,15 0,11 0,1 2,4 0,1 2,1 4,1 3,1 4,1 6,2 5,3 6,1 4,1 2,5 0,1 4,1 5,1 6,3 4,2 5,2 4,1 3,1 4,3 3,1 4,1 3,15 0,15 0,15 0,15 0,15 0,7 0,0 0,
3555,10;2 0,1 1,1 2,4 3,1 2,1 3,2 2,2 1,1 3,2 2,1 3,1 1,3 2,1 1,1 3,2 2,1 1,1 2,1 1,1 0,4 1,2 0,1 2,1 1,15 0,15 0,15 0,15 0,15 0,2 0,3 3,3 5,1 4,2 5,1 4,1 3,4 0,1 2,1 3,8 5,1 4,1 3,1 4,3 3,1 2,15 0,15 0,15 0,15 0,15 0,8 0,0 0,
3565,11;3 0,1 2,2 3,1 2,1 3,2 2,1 3,5 2,1 4,1 5,9 2,2 1,7 0,1 2,1 1,15 0,15 0,15 0,15 0,15 0,1 0,1 3,1 4,1 5,1 4,1 3,1 4,1 3,1 2,1 4,3 3,3 0,2 2,2 3,1 5,1 4,3 5,3 4,6 3,15 0,15 0,15 0,15 0,15 0,8 0,0 0,
3576,9;2 0,1 3,1 2,1 1,1 5,1 4,1 3,1 2,2 3,2 2,1 4,2 3,1 2,1 5,1 2,1 3,2 2,1 1,1 2,1 3,1 2,1 1,1 2,2 1,5 0,2 1,15 0,15 0,11 0,1 1,15 0,15 0,5 0,1 3,1 5,2 6,1 4,2 3,4 4,2 3,2 0,4 3,3 4,3 3,1 4,5 3,1 4,1 3,1 2,15 0,15 0,15 0,15 0,15 0,7 0,0 0,
3585,10;2 0,2 2,2 3,2 2,1 1,2 4,1 2,1 1,1 4,2 3,1 4,1 5,1 2,2 1,2 4,2 3,1 2,1 1,1 2,1 1,1 0,2 2,15 0,1 3,1 1,2 2,15 0,12 0,1 4,15 0,15 0,6 0,1 3,2 5,1 4,1 3,2 4,2 5,2 6,1 3,1 2,4 0,1 2,2 4,2 0,1 2,1 3,2 4,1 3,1 5,1 4,1 5,2 4,2 3,15 0,4 0,1 3,15 0,15 0,15 0,15 0,1 0,
3595,10;2 0,1 2,1 1,1 3,1 2,2 3,1 5,1 4,2 3,1 2,1 3,1 2,1 3,1 2,2 3,1 2,1 5,1 4,1 3,1 4,3 2,1 3,3 1,1 2,15 0,1 3,1 0,1 1,1 2,15 0,15 0,15 0,15 0,5 0,1 3,3 4,1 5,1 6,4 7,2 5,5 0,1 3,1 2,5 0,1 3,1 4,1 5,1 6,4 4,1 3,15 0,3 0,3 3,15 0,15 0,15 0,15 0,0 0,
3605,10;2 0,1 2,2 1,1 3,1 4,1 5,1 4,2 3,3 2,1 1,3 2,1 3,1 1,1 5,1 3,1 1,2 4,1 3,1 2,1 3,1 2,1 1,15 0,2 0,1 1,15 0,1 0,1 1,6 0,1 1,15 0,15 0,14 0,1 4,1 5,1 3,1 4,2 6,1 7,2 8,1 7,1 6,1 4,1 2,6 0,1 3,4 0,2 3,1 4,1 5,2 4,3 3,1 2,15 0,15 0,15 0,15 0,15 0,5 0,0 0,
15,9;2 0,1 1,1 2,1 1,1 3,1 4,1 3,1 5,1 4,1 3,1 4,2 2,1 3,1 2,4 3,1 4,1 2,3 3,1 5,4 2,2 1,3 0,2 1,15 0,12 0,2 2,2 0,4 2,15 0,15 0,14 0,1 3,1 5,1 4,1 3,2 6,4 7,1 5,2 3,6 0,3 3,2 0,1 3,6 4,2 3,15 0,15 0,15 0,15 0,15 0,6 0,0 0,
24,10;2 0,1 1,1 3,1 4,3 2,1 6,1 5,2 4,3 2,1 4,2 2,2 3,2 4,4 2,1 1,1 0,4 1,3 0,1 1,1 0,1 1,15 0,11 0,3 1,2 2,1 1,1 2,15 0,15 0,15 0,2 0,1 3,1 2,1 4,1 6,1 7,2 6,1 5,1 4,2 2,8 0,1 3,4 0,3 5,1 6,2 5,1 4,1 3,15 0,8 0,4 3,15 0,9 0,1 4,1 3,15 0,12 0,0 0,
34,10;2 0,1 2,1 3,1 2,1 1,2 2,1 4,1 2,1 4,1 3,3 2,1 3,1 1,1 3,1 2,1 3,1 4,1 2,2 1,1 2,2 1,2 0,1 1,1 2,1 3,1 1,3 0,2 1,15 0,11 0,1 1,1 3,5 2,15 0,15 0,15 0,4 0,1 2,1 4,2 5,1 4,1 3,15 0,1 0,3 4,3 5,1 4,1 3,15 0,5 0,1 4,1 3,3 4,1 3,1 4,15 0,6 0,2 4,2 5,1 4,1 3,15 0,11 0,0 0,
44,9;1 0,2 1,1 2,1 4,1 3,1 1,1 4,2 2,2 3,1 1,2 2,1 4,4 3,1 2,1 4,2 2,3 1,1 2,6 1,15 0,15 0,2 0,1 3,1 0,1 2,5 0,1 1,12 0,1 2,1 1,15 0,15 0,6 0,1 3,3 0,1 2,1 3,11 0,2 3,1 4,5 3,15 0,5 0,3 5,2 4,15 0,6 0,1 3,1 4,5 5,1 4,15 0,11 0,0 0,
53,10;1 0,2 1,1 2,3 3,2 1,1 2,1 3,4 2,7 3,1 1,1 2,4 1,1 2,1 1,1 2,1 1,1 0,1 1,3 0,1 1,1 3,1 2,1 3,1 1,7 0,1 2,15 0,1 1,1 4,1 0,1 2,5 0,1 3,1 2,11 0,1 4,1 2,3 0,1 1,1 2,15 0,15 0,1 3,3 4,1 5,1 4,1 5,1 4,1 3,8 0,1 3,1 5,1 4,1 3,4 4,12 0,1 4,1 3,7 0,1 3,2 4,15 0,7 0,1 4,4 5,1 4,1 3,2 4,15 0,11 0,
63,10;1 0,1 1,1 2,2 1,1 3,1 2,1 1,2 2,1 1,1 4,8 2,2 3,1 1,1 3,1 1,1 2,4 1,1 3,1 0,2 1,3 0,2 3,2 2,1 0,2 1,2 0,1 2,3 1,12 0,1 2,1 1,1 0,2 2,14 0,2 2,1 3,4 4,1 3,2 2,1 0,1 2,1 3,1 2,15 0,14 0,1 2,1 4,1 5,2 6,2 5,1 4,2 3,7 0,1 3,1 4,1 5,2 4,2 5,1 4,10 0,1 5,1 3,2 4,1 3,4 0,2 3,1 0,2 4,15 0,8 0,3 3,15 0,15 0,1 0,
73,10;2 0,2 1,1 2,1 0,2 1,2 2,2 4,1 2,2 1,3 2,1 1,2 3,1 2,6 1,1 0,1 1,1 0,2 2,1 0,1 1,1 2,1 4,1 3,1 1,1 0,2 1,1 2,4 0,1 2,1 1,6 0,1 1,6 0,1 4,1 3,1 4,1 3,14 0,1 2,2 6,1 5,2 6,1 5,1 6,1 4,1 3,1 2,2 0,1 2,15 0,15 0,2 0,1 4,1 5,2 6,2 5,1 3,8 0,1 2,1 4,2 5,1 4,1 3,1 4,2 3,9 0,1 3,1 0,1 3,1 4,1 3,1 0,1 3,1 4,3 5,4 4,2 3,15 0,15 0,15 0,9 0,0 0,
83,9;2 0,2 1,1 2,1 1,1 2,1 1,1 2,1 1,1 2,1 4,3 2,1 3,2 2,1 4,2 1,1 4,2 1,1 2,3 1,1 0,3 1,1 0,1 1,1 0,1 3,2 4,4 0,1 2,11 0,2 2,7 0,1 3,1 5,14 0,1 4,1 5,1 6,1 5,1 6,1 5,1 6,1 5,1 6,2 3,1 2,15 0,15 0,6 0,1 2,1 4,1 5,1 6,1 7,1 5,1 3,7 0,1 3,1 4,2 3,1 4,3 3,15 0,2 4,1 5,1 6,2 5,1 6,1 5,1 6,2 5,3 4,1 3,15 0,15 0,15 0,6 0,
92,11;2 0,3 2,1 3,1 4,1 2,1 1,1 3,1 4,1 2,1 3,2 1,2 2,1 1,1 3,1 5,3 3,5 1,2 0,3 2,2 0,3 3,1 1,1 3,2 0,1 1,7 0,1 1,1 0,1 3,1 4,8 0,1 2,1 3,1 4,12 0,1 3,1 4,2 8,2 4,1 5,2 4,1 3,1 5,1 4,2 2,1 1,15 0,15 0,8 0,1 4,1 6,1 5,1 4,7 0,1 4,1 3,2 4,1 5,2 3,15 0,2 4,2 5,1 7,3 6,2 7,1 6,2 5,2 4,1 3,15 0,15 0,15 0,6 0,0 0,
103,9;2 0,1 4,3 3,2 1,1 2,2 4,1 1,6 2,1 1,1 5,1 4,1 3,1 2,3 1,1 0,2 1,1 0,2 2,1 1,1 0,4 3,1 0,1 1,2 2,1 1,5 0,2 2,1 3,1 1,1 2,10 0,1 1,1 3,9 0,1 1,1 2,1 3,1 4,1 7,2 8,2 6,1 7,1 6,1 5,1 4,1 5,1 6,2 5,1 4,1 2,15 0,15 0,15 0,5 0,1 4,3 5,1 3,15 0,1 0,2 3,1 4,1 5,2 6,1 7,4 6,1 4,3 3,1 2,1 3,15 0,15 0,15 0,4 0,0 0,
112,10;2 0,1 2,1 3,1 2,2 3,1 1,1 0,2 4,1 1,4 2,2 3,1 1,1 4,2 3,5 1,1 0,2 1,1 2,3 1,2 3,2 4,1 0,4 2,1 1,1 2,2 1,1 0,1 2,1 3,2 2,15 0,7 0,2 4,1 6,1 7,1 8,2 9,1 8,3 7,2 6,4 5,2 3,15 0,15 0,15 0,15 0,15 0,1 0,2 4,1 5,2 6,2 4,2 5,3 4,15 0,15 0,15 0,4 0,
122,10;2 0,1 3,1 1,1 2,1 1,1 3,1 0,2 1,1 2,1 1,1 2,1 1,3 2,1 4,1 2,1 0,1 2,1 3,1 1,1 3,1 1,1 3,1 1,2 0,2 1,2 2,1 1,3 4,1 3,1 2,2 3,2 0,1 3,1 4,1 2,1 1,1 0,1 2,1 3,1 0,2 2,15 0,5 0,1 2,2 6,1 7,1 8,3 9,1 10,1 7,2 6,1 4,1 5,5 3,1 2,15 0,15 0,15 0,15 0,15 0,4 0,5 4,4 5,1 4,2 3,3 0,1 4,1 3,15 0,15 0,11 0,0 0,
132,11;3 0,1 2,1 1,1 2,1 4,2 3,3 2,2 3,1 4,2 3,1 4,1 1,1 2,1 1,1 2,2 1,2 3,2 1,2 0,2 1,1 3,1 4,1 2,1 3,3 4,1 3,1 4,1 0,1 1,1 2,2 0,2 2,1 3,1 4,1 0,2 2,7 0,1 1,9 0,2 1,2 0,1 5,1 6,1 7,4 8,3 6,2 5,1 4,1 3,3 2,1 3,2 2,15 0,15 0,15 0,15 0,15 0,3 0,3 4,2 0,2 4,1 3,1 4,1 5,3 4,1 3,1 4,1 3,1 5,1 4,15 0,15 0,10 0,0 0,
143,9;2 0,2 3,1 4,1 3,2 5,1 2,1 4,2 3,1 4,1 3,1 2,3 3,1 2,1 3,2 1,3 2,1 3,2 1,2 0,1 1,2 0,1 1,1 0,1 3,4 4,1 3,1 1,1 2,2 1,2 0,1 3,1 2,1 3,2 2,1 1,1 0,1 2,1 3,4 0,2 3,8 0,1 2,1 1,1 2,1 0,1 2,1 4,3 5,3 6,1 8,1 7,1 5,1 4,1 5,1 2,3 0,3 2,1 0,1 3,2 2,15 0,15 0,15 0,15 0,12 0,2 3,2 4,1 3,5 0,2 3,2 4,2 5,2 4,2 3,15 0,15 0,10 0,0 0,
152,10;1 0,1 1,1 2,1 4,2 3,2 6,2 3,1 1,1 3,1 2,1 3,1 1,1 2,1 3,1 2,1 3,1 2,1 1,1 2,1 5,2 1,1 2,4 1,2 0,2 2,1 1,1 3,2 4,1 3,2 4,1 3,1 2,1 1,1 0,1 1,2 0,1 1,2 2,3 1,2 2,15 0,1 2,1 1,1 2,1 3,3 4,1 3,1 4,2 5,1 6,2 5,1 4,1 3,1 2,7 0,1 1,1 4,1 3,1 2,15 0,15 0,15 0,9 0,1 3,1 4,15 0,4 3,9 0,1 3,2 4,1 5,1 4,2 0,1 3,3 4,2 0,3 4,15 0,15 0,1 0,
162,10;3 0,1 3,2 1,1 4,1 3,1 2,1 3,1 4,1 3,1 1,1 3,2 1,1 3,1 1,1 2,2 1,1 4,1 5,2 1,1 2,1 1,2 0,3 1,2 2,2 1,2 4,1 0,1 3,3 2,1 1,1 0,1 2,2 0,3 1,2 0,1 1,15 0,2 0,2 2,1 5,4 6,6 5,1 4,2 3,1 2,7 0,1 2,2 4,3 2,15 0,15 0,15 0,6 0,1 3,1 4,2 3,15 0,15 0,2 4,1 3,1 5,1 4,3 3,2 0,1 3,1 4,15 0,15 0,2 0,0 0,
172,10;2 0,1 2,1 3,1 4,2 1,5 2,1 1,1 0,2 1,1 2,1 1,4 2,1 4,1 2,1 0,9 1,1 0,2 2,3 3,2 2,2 1,1 0,2 1,2 0,2 1,15 0,5 0,2 3,1 5,1 6,3 5,2 6,2 5,1 4,5 5,1 2,8 0,2 3,2 4,15 0,15 0,15 0,5 0,1 3,3 4,1 3,4 0,2 4,15 0,9 0,3 3,2 4,1 3,15 0,15 0,8 0,
182,10;2 0,1 1,1 6,2 2,1 3,2 1,3 2,1 3,1 2,1 1,3 2,1 3,1 1,1 2,1 1,1 3,1 2,1 3,1 0,1 1,1 3,1 1,1 2,1 1,2 0,1 2,3 1,1 2,1 0,1 2,6 1,1 0,1 2,3 1,2 0,1 1,1 2,15 0,1 0,2 4,1 3,3 4,1 5,2 6,2 5,1 6,1 5,2 6,1 5,1 6,1 4,10 0,2 3,1 5,2 4,15 0,15 0,15 0,2 0,1 3,3 5,1 3,5 0,1 3,15 0,15 0,3 0,1 3,15 0,15 0,4 0,0 0,
192,9;3 0,1 3,1 4,1 1,1 2,2 1,1 3,1 4,1 2,1 1,1 0,4 2,1 3,1 1,2 2,1 4,1 3,1 1,1 2,1 3,1 1,2 0,2 1,1 2,2 0,2 2,1 3,2 2,1 1,1 2,1 3,1 0,1 1,3 0,5 1,1 3,1 5,1 1,15 0,1 1,3 2,2 3,2 5,3 6,1 7,1 6,2 5,1 4,1 3,1 5,12 0,2 3,1 2,15 0,15 0,15 0,2 0,6 3,15 0,6 0,2 4,1 3,1 4,13 0,1 3,15 0,15 0,4 0,
201,10;2 0,1 2,1 4,1 1,3 2,1 1,1 4,1 2,3 1,2 2,2 1,1 2,1 3,2 1,1 4,1 2,1 3,1 1,1 2,1 1,1 2,4 0,1 2,2 1,3 3,1 2,1 0,1 2,1 3,1 0,1 1,3 0,5 1,2 4,8 0,1 2,3 0,1 1,1 2,4 0,3 2,1 5,4 6,1 7,1 6,1 5,3 4,1 2,1 1,15 0,15 0,15 0,15 0,15 0,1 0,1 3,1 4,2 3,10 0,4 3,4 0,1 4,1 3,1 0,1 5,2 4,1 3,15 0,15 0,6 0,
211,10;4 0,1 2,3 1,1 0,1 4,3 1,1 0,4 1,2 3,1 2,1 1,2 2,1 3,1 1,1 0,2 3,1 1,1 2,1 3,1 2,3 1,1 3,1 2,1 5,1 2,2 1,1 3,1 1,4 0,3 1,2 0,2 1,8 0,1 1,2 2,1 0,1 2,1 3,5 0,1 2,1 3,1 5,1 6,1 7,2 5,2 6,1 5,2 2,1 3,15 0,15 0,15 0,15 0,14 0,2 3,2 0,1 5,4 4,5 3,12 0,2 3,1 4,1 5,1 4,1 5,1 4,15 0,15 0,6 0,0 0,
221,9;2 0,1 2,2 3,2 1,1 4,1 2,1 0,1 1,1 3,1 2,3 1,2 2,1 3,1 2,4 1,1 4,4 2,3 1,1 2,2 1,1 2,1 3,1 2,1 4,1 3,1 2,3 1,3 0,1 1,1 0,1 1,4 0,1 1,13 0,1 2,5 0,1 2,1 3,2 4,1 5,3 4,1 7,1 5,2 2,1 3,15 0,15 0,15 0,15 0,14 0,1 4,1 5,1 3,2 0,7 3,2 4,14 0,3 3,15 0,15 0,8 0,0 0,
230,10;2 0,3 2,1 0,1 2,2 4,1 5,1 3,3 2,1 3,1 1,3 2,1 3,1 1,1 2,2 1,1 2,1 1,1 3,2 1,1 2,1 0,2 1,1 0,2 2,1 3,1 2,2 3,1 2,6 0,2 1,1 0,1 1,3 0,1 1,13 0,1 2,5 0,4 2,2 4,1 3,1 4,1 5,1 4,1 0,1 1,1 2,15 0,15 0,15 0,15 0,14 0,1 3,1 4,1 3,4 0,1 3,1 4,1 3,1 4,2 0,1 3,7 0,1 4,1 3,1 4,15 0,15 0,15 0,
240,10;2 0,1 1,2 2,1 1,1 2,2 5,1 4,1 2,1 1,1 2,1 1,1 3,2 2,1 4,1 2,1 3,1 2,1 3,2 2,1 3,1 1,1 3,1 1,1 3,1 2,2 1,1 0,1 1,2 2,2 1,1 2,1 5,1 2,2 0,1 2,4 0,1 2,2 1,2 0,2 1,15 0,4 0,1 2,1 1,2 2,1 3,3 2,1 5,1 4,2 0,1 2,15 0,15 0,15 0,15 0,15 0,15 0,4 0,1 3,3 4,13 0,3 3,15 0,14 0,
250,10;2 0,1 1,1 2,1 1,1 0,1 1,1 3,2 5,1 1,1 2,2 1,4 2,1 3,1 1,2 3,3 2,1 1,1 4,2 3,2 1,1 2,2 1,1 2,3 1,1 2,2 3,7 0,6 1,2 0,2 1,15 0,3 0,1 1,3 2,2 0,1 3,1 1,2 0,1 2,15 0,15 0,15 0,15 0,15 0,15 0,4 0,2 3,4 4,11 0,1 3,3 4,15 0,13 0,0 0,
260,10;2 0,1 2,1 3,4 1,1 4,1 3,1 1,1 3,3 1,2 2,1 1,1 2,1 1,1 2,1 3,1 4,1 3,2 1,2 3,4 1,1 2,1 1,1 0,2 1,2 2,1 3,1 5,1 1,1 0,2 1,3 0,2 1,1 2,1 1,1 2,1 1,2 0,2 1,1 2,15 0,15 0,15 0,15 0,15 0,15 0,15 0,14 0,1 3,1 4,2 3,2 0,5 4,15 0,15 0,11 0,0 0,
270,10;1 0,2 2,1 3,1 2,2 0,1 1,2 2,4 1,1 0,2 1,3 2,1 1,2 3,1 2,1 1,1 2,1 1,1 3,2 1,1 3,1 2,4 1,2 2,1 1,1 0,1 4,1 2,1 1,1 2,1 1,3 0,4 1,1 0,1 1,3 0,1 2,3 1,15 0,15 0,15 0,15 0,15 0,15 0,15 0,11 0,2 4,1 5,1 4,1 3,1 0,2 3,4 5,15 0,15 0,11 0,0 0,
280,9;3 0,1 2,1 1,2 0,1 2,1 4,1 3,1 1,1 3,3 1,1 2,1 3,1 1,1 4,1 2,1 1,1 4,1 3,5 1,2 2,2 0,1 2,3 1,1 2,1 1,1 2,1 0,1 2,1 1,1 0,1 1,5 0,2 1,1 0,2 1,1 0,2 1,3 2,1 1,15 0,15 0,15 0,15 0,15 0,15 0,15 0,12 0,1 3,1 0,4 4,1 5,4 4,15 0,15 0,11 0,0 0,
289,10;4 0,2 1,1 2,1 3,1 5,1 2,3 1,2 0,1 1,2 2,1 1,3 2,1 1,1 0,1 3,1 2,2 1,1 2,2 1,1 0,1 2,4 1,1 2,1 4,1 0,1 1,1 0,1 1,6 0,5 1,1 0,1 2,1 0,3 1,1 2,1 1,15 0,15 0,15 0,15 0,15 0,15 0,15 0,11 0,1 3,1 0,1 3,2 0,1 5,1 6,1 5,2 4,15 0,15 0,12 0,0 0,
299,11;2 0,1 1,2 2,1 1,1 4,1 1,1 4,3 1,1 3,1 2,2 1,3 2,4 1,2 2,1 3,1 2,1 1,2 2,2 1,1 0,1 1,1 2,2 1,1 2,1 3,3 0,1 1,1 0,1 2,1 0,1 1,1 2,3 0,2 1,6 0,2 1,1 2,1 1,15 0,15 0,15 0,15 0,15 0,15 0,9 0,1 4,2 3,10 0,2 3,6 0,1 3,1 5,3 4,1 3,15 0,15 0,11 0,0 0,
310,10;2 0,1 1,1 3,2 2,1 4,1 3,1 2,1 1,1 0,1 4,2 3,1 2,1 1,2 2,1 4,2 2,1 1,3 2,2 3,1 1,1 4,3 3,1 1,1 0,2 1,1 2,1 1,1 2,1 0,6 1,1 0,2 1,2 0,1 2,1 1,1 0,3 1,1 0,1 1,1 2,1 1,2 3,15 0,15 0,15 0,15 0,15 0,15 0,9 0,1 3,2 4,1 3,9 0,1 3,1 4,1 5,1 4,5 0,1 3,3 4,1 3,15 0,15 0,11 0,
320,9;2 0,1 1,2 3,1 5,2 2,1 4,1 2,1 1,2 3,2 2,1 1,1 2,1 1,3 2,4 1,3 2,1 0,1 2,1 3,1 4,1 2,2 1,1 2,3 1,1 0,1 4,1 2,2 1,1 0,1 1,1 0,2 1,2 0,1 2,3 1,1 0,2 1,1 2,1 1,2 2,1 3,1 2,15 0,15 0,15 0,15 0,15 0,15 0,8 0,1 4,3 5,1 4,2 3,8 0,3 4,1 3,1 4,1 0,1 3,1 4,1 5,2 4,1 3,15 0,15 0,11 0,
329,10;2 0,1 1,2 4,1 5,1 2,1 1,1 3,1 1,1 4,2 3,1 4,1 2,1 1,1 3,1 2,1 3,1 1,1 2,1 1,1 2,2 1,2 2,1 3,1 4,1 1,2 3,2 2,1 1,1 0,2 2,1 1,2 3,1 2,1 0,2 1,1 0,2 1,2 0,2 1,3 2,1 0,2 1,1 3,1 2,2 1,1 2,1 1,15 0,15 0,15 0,15 0,15 0,15 0,9 0,2 3,3 4,10 0,1 3,4 4,1 3,1 4,1 5,2 4,2 3,15 0,15 0,10 0,0 0,
339,11;2 0,1 1,1 4,1 1,2 0,1 2,1 6,1 1,1 4,2 2,1 4,2 2,1 4,1 2,1 3,1 2,1 3,5 1,2 3,1 2,2 3,1 2,4 3,1 4,1 3,1 1,1 2,1 1,1 2,5 1,3 0,4 1,1 2,3 1,1 3,1 2,3 0,2 1,15 0,15 0,15 0,15 0,15 0,15 0,11 0,1 4,1 3,6 0,1 3,1 0,2 3,1 4,1 5,3 4,1 3,3 5,4 4,1 0,2 4,15 0,15 0,6 0,
350,9;2 0,1 2,1 3,1 2,2 0,1 3,2 0,1 1,1 2,1 1,1 4,1 2,1 1,1 2,1 3,1 2,1 3,1 2,3 1,1 3,1 1,1 4,1 3,1 1,1 3,2 2,2 3,2 4,1 3,1 4,3 1,2 2,5 1,1 0,5 1,2 2,1 1,2 2,1 1,4 0,1 1,15 0,15 0,15 0,15 0,15 0,15 0,9 0,1 3,1 0,3 3,2 0,2 5,2 4,2 3,3 4,8 0,1 3,3 0,2 3,15 0,15 0,6 0,0 0,
359,10;2 0,1 3,1 2,1 1,3 0,1 2,1 0,2 1,1 0,1 4,1 2,1 1,1 2,1 3,1 1,1 2,4 1,1 3,1 1,1 2,1 3,1 1,2 3,1 1,1 3,1 2,1 3,1 1,2 3,3 1,1 0,11 1,1 0,1 1,1 0,3 1,7 0,1 1,1 2,2 1,8 0,1 1,1 2,15 0,15 0,15 0,15 0,14 0,1 4,2 3,6 0,2 3,1 0,3 5,1 4,1 0,1 3,2 5,1 4,1 3,1 4,2 3,15 0,15 0,15 0,6 0,
369,10;1 0,1 2,1 3,2 2,1 3,1 2,2 0,3 1,1 2,1 3,1 1,2 2,2 3,1 2,1 1,3 0,2 1,2 2,1 3,1 1,1 2,1 1,6 2,2 1,1 2,12 1,2 0,1 1,1 0,3 1,6 0,4 2,8 0,2 2,15 0,15 0,15 0,15 0,14 0,3 4,1 3,5 0,1 3,1 4,1 0,1 4,2 6,1 5,1 3,15 0,15 0,15 0,14 0,0 0,
379,10;1 0,1 1,1 2,1 3,2 1,3 0,2 1,4 2,1 3,1 2,1 4,1 3,1 1,1 0,4 1,1 2,1 1,2 2,1 1,1 3,1 2,3 3,2 1,3 2,4 1,1 2,8 1,1 0,1 1,1 2,2 1,1 2,1 1,9 0,1 1,15 0,15 0,15 0,15 0,15 0,9 0,1 3,2 4,9 0,1 4,1 3,1 5,2 4,15 0,9 0,1 3,1 4,5 5,1 4,15 0,12 0,
389,10;2 0,1 2,1 3,1 2,4 0,1 2,1 1,1 2,1 3,1 2,1 3,1 2,1 3,1 2,1 3,2 1,1 2,1 1,1 2,1 0,4 1,1 4,3 3,1 1,2 3,1 2,6 1,1 0,9 1,2 2,3 1,1 2,1 1,15 0,15 0,15 0,15 0,15 0,15 0,6 0,1 4,10 0,1 3,1 4,2 3,4 0,1 4,1 0,1 4,15 0,2 0,2 4,7 5,11 4,1 3,14 0,
399,10;2 0,1 4,1 5,1 1,2 0,1 2,1 0,1 1,1 0,1 1,1 3,1 2,1 3,1 1,1 3,1 1,1 4,3 1,4 2,3 1,1 3,1 4,1 3,1 4,1 2,2 1,1 3,1 2,1 1,1 0,1 1,1 0,4 1,2 2,5 1,1 2,7 1,1 0,1 1,15 0,15 0,15 0,15 0,15 0,15 0,15 0,7 0,3 3,3 0,1 3,2 0,1 3,11 0,1 3,2 4,1 5,2 4,6 5,2 4,1 5,1 4,2 5,3 6,1 4,12 0,0 0,
409,10;2 0,1 4,1 5,1 2,2 0,2 1,1 0,1 1,1 0,1 2,1 3,1 2,1 1,1 2,1 1,1 2,1 1,1 2,2 1,1 4,3 1,1 2,1 0,1 1,1 2,1 3,1 4,1 3,1 2,1 3,3 1,1 2,5 1,1 2,5 1,3 2,4 1,1 2,3 1,15 0,15 0,15 0,15 0,15 0,15 0,15 0,12 0,2 3,1 4,1 3,4 4,15 0,3 0,2 3,5 0,2 4,2 5,2 6,12 0,0 0,
419,10;1 0,1 3,1 0,1 2,1 1,2 0,1 1,1 0,1 1,1 0,1 1,1 3,1 4,1 1,2 2,3 1,1 2,2 1,1 3,2 1,1 3,1 0,2 1,3 2,2 3,1 2,1 1,1 2,2 1,1 0,4 1,1 2,1 1,1 2,3 1,3 2,4 1,1 2,2 1,15 0,15 0,15 0,15 0,15 0,15 0,15 0,12 0,2 3,1 4,3 5,3 4,15 0,14 0,2 4,12 0,0 0,
429,10;1 0,1 3,2 2,2 0,1 1,1 2,2 0,2 1,3 2,1 3,3 2,1 1,2 2,4 1,1 2,3 1,1 2,1 1,1 3,1 2,1 4,3 2,2 1,3 0,1 1,1 0,1 1,2 2,2 1,1 2,1 1,1 2,1 1,1 2,1 1,1 2,3 1,2 2,15 0,15 0,15 0,15 0,12 0,2 4,2 3,15 0,15 0,11 0,6 4,1 5,1 4,15 0,15 0,13 0,
439,10;1 0,1 1,2 2,1 0,1 1,1 0,1 2,1 1,1 0,1 2,1 1,7 2,1 1,2 3,1 2,5 1,1 2,1 3,1 1,2 3,2 2,1 3,4 2,2 1,1 0,3 1,5 2,1 1,1 0,11 1,15 0,15 0,15 0,15 0,10 0,1 4,1 5,1 4,1 3,15 0,15 0,15 0,15 0,15 0,15 0,2 0,
449,10;2 0,1 2,1 1,1 2,3 0,1 1,1 0,1 1,1 2,1 3,1 2,1 1,3 2,1 1,1 2,1 3,1 1,2 2,1 1,1 2,2 1,1 2,1 4,5 2,1 1,4 2,4 1,2 2,1 1,2 2,3 1,2 2,1 1,1 2,9 1,2 0,1 1,15 0,15 0,15 0,15 0,15 0,15 0,15 0,15 0,15 0,15 0,12 0,
459,10;1 0,1 1,4 0,6 1,1 2,1 1,2 2,1 1,2 2,1 3,2 1,1 2,1 1,2 3,2 2,1 3,1 4,1 2,1 1,3 2,1 1,1 2,1 1,2 2,3 1,1 0,1 2,2 1,4 2,1 1,2 2,1 1,2 2,2 1,1 2,3 1,1 2,1 1,2 0,1 3,1 2,15 0,15 0,15 0,15 0,15 0,15 0,15 0,15 0,15 0,15 0,11 0,
469,10;2 0,1 1,1 3,2 0,1 1,2 4,1 0,1 1,1 4,5 2,1 3,1 1,1 2,1 4,1 2,2 1,2 3,2 2,3 3,6 2,2 1,1 2,2 1,1 2,1 1,1 2,4 1,1 2,2 1,2 2,1 1,2 2,2 1,1 2,1 1,3 2,2 1,1 0,1 2,1 1,15 0,15 0,15 0,15 0,15 0,15 0,15 0,15 0,15 0,15 0,11 0,0 0,
479,10;2 0,2 1,3 0,1 3,1 4,1 0,1 1,2 2,1 3,4 2,1 1,1 2,2 3,3 2,2 1,1 2,1 3,3 2,1 1,1 2,1 3,1 4,4 2,2 1,1 2,1 1,3 2,4 1,2 2,2 1,3 2,2 1,1 2,5 1,15 0,15 0,15 0,15 0,15 0,15 0,15 0,15 0,15 0,15 0,14 0,0 0,
489,10;2 0,1 2,1 0,3 1,2 2,1 0,1 2,2 1,8 2,1 3,1 2,2 1,1 2,3 1,1 3,1 2,1 1,4 2,1 1,1 2,2 1,1 2,2 1,5 2,4 1,2 2,1 1,5 2,6 1,15 0,15 0,15 0,15 0,15 0,15 0,15 0,15 0,15 0,15 0,14 0,
499,10;2 0,1 3,1 2,1 4,1 2,1 0,1 1,1 3,1 2,1 1,3 2,1 3,4 2,1 3,1 1,1 2,2 1,1 2,1 1,1 3,1 2,1 1,1 2,1 3,7 2,4 1,6 2,1 1,1 2,3 1,1 2,2 1,1 2,2 1,1 2,2 0,1 1,2 2,1 1,15 0,15 0,15 0,15 0,15 0,15 0,15 0,15 0,15 0,15 0,14 0,
509,10;2 0,1 2,2 3,1 0,1 1,1 0,2 3,2 1,3 2,1 4,1 3,3 2,1 1,1 3,2 2,1 1,3 2,3 1,2 2,1 1,3 2,3 1,1 2,3 1,1 2,1 1,2 2,7 1,1 2,4 1,15 0,15 0,15 0,15 0,15 0,15 0,15 0,15 0,15 0,12 0,1 4,2 3,15 0,5 0,
519,10;2 0,1 3,1 1,1 2,2 1,1 0,1 2,1 0,1 1,4 2,1 3,7 2,1 3,2 1,1 3,3 1,1 2,1 3,1 2,2 1,1 2,1 1,5 2,2 3,1 2,6 1,1 0,3 1,2 2,1 1,1 2,1 1,15 0,15 0,15 0,15 0,15 0,15 0,15 0,15 0,15 0,5 0,9 4,15 0,6 0,0 0,
529,10;1 0,1 1,1 3,1 1,1 4,1 0,1 1,1 0,1 2,1 1,1 2,1 1,2 3,1 2,1 3,1 4,4 2,1 3,1 4,1 3,1 1,1 3,2 1,4 3,1 2,1 1,1 3,3 2,3 1,1 2,1 3,5 2,3 1,1 0,6 1,15 0,15 0,15 0,15 0,15 0,15 0,15 0,15 0,15 0,6 0,1 4,2 5,2 4,4 5,1 4,1 3,15 0,5 0,0 0,
539,10;2 0,1 3,1 5,1 1,3 0,1 1,1 0,1 4,2 2,1 4,2 3,2 2,1 1,1 2,1 3,1 2,1 3,2 1,1 3,1 2,1 1,1 2,1 4,1 2,1 3,1 2,1 1,2 2,2 1,1 2,3 1,1 2,1 1,1 3,1 2,3 1,1 2,1 1,1 0,2 1,1 0,1 1,15 0,15 0,15 0,15 0,15 0,15 0,15 0,15 0,15 0,8 0,1 3,1 4,2 3,2 0,1 3,4 4,15 0,5 0,
549,9;1 0,1 1,1 3,1 6,1 1,1 0,1 1,3 0,1 4,1 2,1 1,1 5,1 4,4 2,1 1,1 2,1 1,1 2,1 1,2 3,1 2,2 3,1 4,1 2,1 3,1 1,7 2,1 0,2 1,2 2,4 1,1 3,1 1,15 0,15 0,15 0,15 0,15 0,15 0,15 0,15 0,15 0,15 0,15 0,14 0,0 0,
558,10;1 0,1 3,1 6,1 4,2 1,3 0,1 1,1 3,2 2,2 3,1 2,3 3,1 1,1 2,2 1,4 2,3 3,1 2,1 1,2 2,1 3,5 2,1 0,3 2,4 1,1 0,1 1,14 0,3 1,15 0,15 0,15 0,15 0,15 0,15 0,15 0,15 0,15 0,15 0,13 0,
568,10;2 0,2 1,1 3,1 0,3 1,1 2,1 3,1 1,1 3,3 2,1 3,2 2,2 1,1 0,3 1,3 2,1 3,2 2,1 1,1 3,1 2,1 3,4 2,3 1,3 2,3 1,15 0,2 0,2 1,15 0,15 0,15 0,15 0,15 0,15 0,15 0,15 0,15 0,15 0,13 0,
578,10;2 0,2 2,1 4,5 0,1 3,1 1,4 2,2 3,2 1,1 2,1 3,1 2,3 1,1 2,1 1,1 2,1 1,2 2,1 1,1 2,1 3,3 2,1 1,1 2,1 1,2 2,1 1,1 2,2 1,3 0,1 1,15 0,15 0,15 0,15 0,15 0,15 0,15 0,15 0,15 0,15 0,15 0,14 0,0 0,
588,10;4 0,1 1,2 0,1 1,1 2,1 1,1 3,1 2,2 3,1 2,2 3,2 2,1 1,1 2,1 3,1 2,2 1,3 2,1 1,4 2,1 3,1 2,1 3,1 1,1 2,1 1,3 2,1 1,1 2,3 1,15 0,15 0,15 0,15 0,15 0,15 0,15 0,15 0,15 0,15 0,15 0,15 0,3 0,0 0,
598,10;2 0,1 3,1 4,1 1,1 0,1 2,2 0,1 4,2 2,1 5,1 4,1 3,1 4,1 3,1 2,2 1,1 2,1 4,4 2,1 3,1 1,1 2,2 1,3 2,1 1,3 2,1 1,2 2,3 1,1 2,2 1,15 0,15 0,15 0,15 0,15 0,15 0,15 0,14 0,1 5,1 6,15 0,15 0,15 0,15 0,2 0,
608,10;2 0,1 2,1 3,1 0,1 1,1 0,2 1,3 2,1 5,1 3,1 4,2 3,1 5,2 3,1 2,1 4,1 2,1 4,2 3,1 2,3 1,10 2,6 1,15 0,15 0,15 0,15 0,15 0,15 0,15 0,15 0,2 3,15 0,15 0,15 0,15 0,2 0,0 0,
618,10;2 0,1 1,1 2,2 0,2 1,1 0,1 1,2 3,1 5,1 4,1 5,1 3,2 4,1 1,1 3,1 4,2 3,1 4,1 3,1 2,1 3,3 1,3 2,1 1,5 2,8 1,15 0,15 0,15 0,15 0,15 0,15 0,15 0,15 0,15 0,15 0,15 0,15 0,3 0,0 0,
628,10;2 0,2 3,1 1,2 0,1 2,2 1,8 4,1 2,1 3,1 4,1 5,1 4,1 3,5 2,1 1,1 2,1 3,5 2,3 1,1 0,1 1,1 2,1 1,1 0,1 1,15 0,15 0,15 0,15 0,15 0,15 0,15 0,15 0,15 0,15 0,15 0,15 0,4 0,
638,10;2 0,1 2,2 1,1 2,1 1,1 4,1 3,1 2,3 4,1 5,3 4,1 5,1 4,1 5,3 4,3 3,1 1,1 2,1 1,7 2,5 1,2 0,2 1,1 0,1 2,15 0,15 0,15 0,15 0,15 0,15 0,15 0,15 0,15 0,15 0,15 0,15 0,3 0,
648,10;1 0,1 1,2 2,2 1,1 0,1 2,3 3,2 4,3 5,1 3,1 5,1 6,2 5,1 3,1 2,1 3,1 4,1 2,2 1,9 2,1 1,1 2,2 1,2 0,1 1,2 0,2 1,15 0,15 0,15 0,15 0,15 0,15 0,15 0,15 0,15 0,15 0,15 0,15 0,2 0,
658,10;2 0,1 1,1 3,2 1,1 2,1 3,5 4,2 5,2 4,1 5,1 7,1 6,1 4,1 3,1 2,1 4,8 2,1 3,3 2,1 1,1 2,3 0,1 1,4 0,1 1,15 0,15 0,15 0,15 0,15 0,15 0,15 0,15 0,15 0,15 0,15 0,15 0,3 0,
668,10;1 0,2 2,2 0,1 1,1 0,1 2,5 4,3 5,1 4,1 5,1 6,2 5,1 3,1 2,1 3,4 2,1 1,2 2,1 3,4 2,3 1,1 0,1 1,2 0,1 1,1 0,1 1,1 0,1 1,15 0,15 0,15 0,15 0,15 0,15 0,15 0,15 0,15 0,15 0,15 0,15 0,2 0,
678,10;2 0,3 1,2 0,1 1,1 2,3 4,4 5,1 4,1 5,3 6,2 2,1 3,1 2,1 1,2 3,1 2,1 3,5 2,1 0,5 1,1 0,2 1,2 0,1 1,15 0,15 0,15 0,15 0,15 0,15 0,15 0,15 0,15 0,15 0,15 0,15 0,3 0,0 0,
688,10;1 0,1 3,1 1,3 2,1 0,1 1,1 2,1 4,1 3,1 4,4 5,1 3,1 4,3 5,1 3,2 2,1 3,7 2,1 1,2 2,4 1,3 0,1 1,1 0,1 1,1 0,1 1,15 0,15 0,15 0,15 0,15 0,15 0,15 0,15 0,15 0,15 0,15 0,15 0,3 0,
698,10;1 0,1 1,1 2,2 1,1 0,3 2,3 4,4 5,2 3,1 4,1 5,1 4,1 2,1 1,1 2,1 1,9 2,1 0,6 1,1 0,1 1,15 0,15 0,15 0,15 0,15 0,15 0,15 0,15 0,15 0,15 0,15 0,15 0,7 0,
708,9;1 0,3 1,1 3,1 1,1 2,1 3,1 2,2 4,5 5,3 3,1 4,3 2,2 1,1 2,1 3,2 2,1 1,1 3,2 2,5 1,3 0,1 1,15 0,15 0,15 0,15 0,15 0,15 0,15 0,15 0,15 0,15 0,15 0,15 0,8 0,0 0,
717,10;5 0,1 2,1 1,1 3,1 2,2 4,4 5,1 3,1 4,1 3,1 2,1 3,1 2,4 1,7 2,1 1,1 2,2 1,1 2,2 1,15 0,15 0,15 0,15 0,15 0,15 0,15 0,15 0,15 0,15 0,15 0,15 0,11 0,0 0,
727,10;1 0,1 3,1 2,2 0,1 2,1 1,1 3,1 2,2 4,3 5,1 4,1 3,1 4,1 3,1 2,1 1,1 4,1 2,2 1,6 2,2 1,1 2,5 1,15 0,15 0,15 0,15 0,15 0,15 0,15 0,15 0,15 0,15 0,15 0,15 0,12 0,
737,9;7 0,4 4,3 5,1 4,2 3,2 2,1 0,2 3,10 2,2 1,1 2,3 1,15 0,15 0,15 0,15 0,15 0,15 0,15 0,15 0,15 0,15 0,15 0,15 0,12 0,0 0,
746,10;4 0,1 1,1 2,2 3,1 2,2 4,5 5,1 3,1 2,1 1,1 0,1 3,1 4,1 1,5 2,2 1,2 2,6 1,1 0,1 1,15 0,15 0,15 0,15 0,15 0,15 0,15 0,15 0,15 0,15 0,15 0,15 0,10 0,0 0,
756,10;2 0,1 1,2 0,1 1,1 3,1 1,1 2,1 4,7 5,1 2,1 0,2 1,2 2,1 1,1 3,3 2,1 3,2 2,1 3,2 2,6 1,15 0,15 0,15 0,15 0,15 0,15 0,15 0,15 0,15 0,15 0,15 0,15 0,10 0,
766,10;2 0,1 3,1 0,1 1,1 2,1 4,1 1,1 3,2 4,1 5,1 6,2 5,2 4,1 2,1 1,1 0,1 1,3 2,1 1,3 2,2 3,1 2,8 1,1 2,15 0,15 0,15 0,15 0,15 0,15 0,15 0,15 0,15 0,15 0,15 0,15 0,10 0,0 0,
776,10;3 0,1 3,2 0,2 2,2 4,2 5,1 6,2 5,2 4,1 2,2 1,1 3,8 2,1 3,2 2,1 1,2 2,1 1,1 2,1 1,1 2,1 1,15 0,15 0,15 0,15 0,15 0,15 0,15 0,15 0,15 0,15 0,15 0,15 0,10 0,0 0,
786,10;2 0,1 3,1 0,3 1,1 2,2 4,5 5,1 4,1 3,2 1,1 0,1 3,2 4,1 1,2 3,2 2,1 3,5 2,1 1,1 2,4 1,15 0,15 0,15 0,15 0,15 0,15 0,15 0,15 0,15 0,15 0,15 0,15 0,10 0,
796,10;1 0,1 1,1 4,1 0,2 2,1 3,1 2,2 4,1 5,2 6,1 5,2 4,1 3,1 2,2 1,3 2,1 3,1 2,1 3,1 2,1 1,4 2,1 1,1 2,3 1,2 0,1 1,15 0,15 0,15 0,15 0,15 0,15 0,15 0,15 0,15 0,15 0,15 0,15 0,10 0,
806,10;3 0,1 3,1 1,2 2,1 5,2 4,1 5,1 6,2 5,1 4,1 3,5 2,1 3,1 1,9 2,4 1,1 0,2 1,15 0,15 0,15 0,15 0,15 0,15 0,15 0,15 0,15 0,15 0,15 0,15 0,11 0,0 0,
816,10;3 0,1 4,1 2,1 1,1 3,1 4,1 3,3 5,1 6,1 5,1 4,2 3,3 2,1 3,1 1,3 2,1 3,4 2,1 1,2 2,3 1,1 0,1 1,8 0,1 1,15 0,15 0,15 0,15 0,15 0,15 0,15 0,15 0,15 0,15 0,15 0,15 0,3 0,
826,10;1 0,1 1,1 4,1 1,1 0,1 2,1 3,1 4,1 3,5 5,1 4,2 2,2 1,2 2,2 1,2 2,3 3,3 2,4 1,6 0,2 1,15 0,15 0,15 0,15 0,15 0,15 0,15 0,15 0,15 0,15 0,15 0,15 0,7 0,
836,9;1 0,1 2,1 4,1 1,2 0,1 3,1 5,1 3,4 5,1 4,1 3,3 2,4 1,1 2,1 3,1 2,3 3,1 2,4 1,3 0,1 1,1 0,1 1,1 4,1 1,1 3,1 1,2 0,1 2,15 0,15 0,15 0,15 0,15 0,15 0,15 0,15 0,15 0,15 0,15 0,15 0,4 0,
845,10;3 0,2 2,2 3,1 5,1 4,2 5,1 6,1 5,1 4,1 3,1 2,2 3,1 2,1 1,1 0,1 1,1 2,1 3,1 2,2 3,2 2,5 1,3 0,3 1,2 0,1 1,2 0,1 3,15 0,15 0,15 0,15 0,15 0,15 0,15 0,15 0,15 0,15 0,15 0,15 0,4 0,0 0,
855,10;3 0,2 1,2 2,2 4,4 5,1 4,4 3,1 2,1 0,1 1,1 2,6 3,1 2,3 1,1 0,1 1,1 0,1 1,4 0,1 1,15 0,15 0,15 0,15 0,15 0,15 0,15 0,15 0,15 0,15 0,15 0,15 0,9 0,0 0,
865,10;3 0,1 1,1 0,1 2,1 3,2 5,1 6,1 5,1 6,1 5,1 4,1 3,3 2,2 1,1 0,1 2,2 3,1 2,3 3,2 2,2 1,2 0,2 1,1 0,1 1,15 0,15 0,15 0,15 0,15 0,15 0,15 0,15 0,15 0,15 0,15 0,15 0,12 0,
875,9;2 0,2 2,1 1,1 0,1 2,1 5,1 4,2 5,1 6,1 5,2 4,3 2,3 1,2 2,1 3,1 2,3 3,1 2,2 1,15 0,15 0,15 0,15 0,15 0,15 0,15 0,15 0,15 0,15 0,15 0,15 0,15 0,4 0,0 0,
884,10;2 0,1 3,3 0,1 1,1 4,3 5,1 6,1 5,1 4,1 3,2 2,1 1,1 0,2 1,2 2,4 3,2 2,2 1,15 0,15 0,15 0,15 0,15 0,15 0,15 0,15 0,15 0,15 0,15 0,15 0,15 0,4 0,
894,10;2 0,1 2,2 0,1 2,1 1,2 5,1 4,3 5,1 4,1 3,1 2,1 1,1 2,3 1,1 2,4 3,1 4,1 2,4 1,15 0,15 0,15 0,15 0,15 0,15 0,15 0,15 0,15 0,15 0,15 0,15 0,15 0,3 0,0 0,
904,10;5 0,1 2,1 3,1 4,5 5,1 4,2 3,1 2,2 0,1 1,2 2,1 4,3 3,2 2,1 1,3 0,1 1,15 0,15 0,15 0,15 0,15 0,15 0,15 0,15 0,15 0,15 0,15 0,15 0,15 0,2 0,0 0,
914,10;1 0,1 1,2 0,2 3,1 2,1 4,2 5,1 6,2 5,1 4,2 3,2 1,1 0,1 1,1 3,1 2,1 3,1 4,1 3,3 2,2 1,1 0,2 1,15 0,15 0,15 0,15 0,15 0,15 0,15 0,15 0,15 0,15 0,15 0,15 0,15 0,2 0,0 0,
924,10;4 0,3 2,2 4,4 5,1 4,2 3,1 2,3 1,2 2,1 3,1 4,1 3,3 2,2 1,1 0,1 1,15 0,15 0,15 0,15 0,15 0,15 0,15 0,15 0,15 0,15 0,15 0,15 0,15 0,3 0,
934,10;6 0,1 5,1 4,5 5,2 3,1 2,1 1,1 3,1 1,3 2,1 3,1 4,1 3,3 2,2 1,1 0,2 1,15 0,15 0,15 0,15 0,15 0,15 0,15 0,15 0,15 0,15 0,15 0,15 0,15 0,2 0,0 0,
944,10;6 0,1 2,1 3,5 5,3 3,1 1,1 2,1 1,1 2,1 4,1 3,6 2,1 1,1 0,1 1,2 0,1 1,9 0,1 1,15 0,15 0,15 0,15 0,15 0,15 0,15 0,15 0,15 0,15 0,15 0,15 0,6 0,
954,9;1 0,1 2,1 5,3 1,1 2,1 4,5 5,1 3,5 2,1 1,2 3,1 2,1 3,2 2,1 3,1 2,1 1,1 0,2 1,1 0,1 1,15 0,15 0,15 0,15 0,15 0,15 0,15 0,15 0,15 0,15 0,15 0,15 0,15 0,1 0,0 0,
963,11;2 0,1 3,1 2,1 3,1 2,1 3,1 4,4 5,1 4,2 2,1 1,1 2,3 1,2 3,1 4,2 2,2 3,1 2,1 1,15 0,15 0,15 0,5 0,2 1,15 0,15 0,15 0,15 0,15 0,15 0,15 0,15 0,15 0,14 0,
974,10;3 0,1 3,1 4,2 2,1 4,5 5,1 4,1 2,1 1,1 2,1 1,2 2,4 3,4 2,1 1,15 0,15 0,15 0,5 0,2 1,15 0,15 0,15 0,15 0,15 0,15 0,15 0,15 0,15 0,14 0,
984,9;3 0,3 1,1 3,1 4,5 5,1 3,2 2,2 1,2 2,2 3,1 2,2 3,4 2,2 0,1 1,9 0,2 1,15 0,15 0,15 0,15 0,15 0,15 0,15 0,15 0,15 0,15 0,15 0,15 0,7 0,
993,10;2 0,4 1,1 3,1 4,5 5,2 2,1 3,2 2,1 4,1 3,1 2,5 3,2 2,1 1,1 0,1 1,2 0,1 1,7 0,1 1,15 0,15 0,15 0,15 0,15 0,15 0,15 0,15 0,15 0,15 0,15 0,15 0,8 0,0 0,
1003,10;3 0,1 1,1 2,1 0,1 3,1 4,4 5,1 4,1 2,1 1,1 3,1 2,2 1,2 3,1 2,2 3,1 2,1 3,1 2,2 1,1 0,2 1,15 0,15 0,15 0,15 0,15 0,15 0,15 0,15 0,15 0,15 0,15 0,15 0,15 0,3 0,
1013,10;4 0,1 2,1 1,2 4,4 5,1 4,1 2,1 1,2 2,2 1,1 3,1 4,3 3,1 2,1 3,1 2,2 1,2 0,1 1,1 0,1 1,15 0,15 0,15 0,15 0,15 0,15 0,15 0,15 0,15 0,15 0,15 0,15 0,15 0,1 0,0 0,
1023,9;4 0,1 2,1 1,2 4,2 5,1 6,2 5,3 2,2 1,1 5,1 4,1 5,1 4,3 3,3 2,3 0,1 1,15 0,15 0,15 0,15 0,15 0,15 0,15 0,15 0,15 0,15 0,15 0,15 0,15 0,3 0,0 0,
1032,10;5 0,1 2,2 3,1 5,1 4,1 6,2 5,1 2,2 1,1 2,1 3,1 4,4 3,1 1,2 2,2 1,1 0,1 1,2 0,1 1,10 0,1 1,15 0,15 0,15 0,15 0,15 0,15 0,15 0,15 0,15 0,15 0,15 0,15 0,6 0,0 0,
1042,10;2 0,1 2,3 0,2 3,2 5,1 6,2 5,1 3,1 2,1 1,1 0,1 3,1 4,1 2,3 3,4 2,1 1,4 0,1 1,11 0,2 1,15 0,15 0,15 0,15 0,15 0,15 0,15 0,15 0,15 0,15 0,15 0,15 0,4 0,
1052,9;2 0,1 4,2 0,1 1,1 2,1 3,2 5,1 6,2 5,3 2,1 1,1 4,1 3,1 4,1 2,1 3,1 1,4 2,2 1,1 2,1 0,2 1,11 0,1 1,1 0,1 1,1 0,1 1,15 0,15 0,15 0,15 0,15 0,15 0,15 0,15 0,15 0,15 0,15 0,15 0,1 0,0 0,
1061,10;2 0,1 3,3 0,2 3,2 5,2 6,1 5,1 3,1 0,1 4,1 1,1 3,1 2,1 4,2 3,1 2,1 3,1 1,1 3,2 2,2 1,1 0,1 2,1 1,11 0,2 1,15 0,15 0,15 0,15 0,15 0,15 0,15 0,15 0,15 0,15 0,15 0,15 0,4 0,0 0,
1071,10;2 0,1 2,3 0,1 2,1 3,1 4,1 5,2 6,1 4,3 2,1 1,1 2,1 4,1 2,1 5,1 4,1 0,3 1,1 2,1 1,1 0,2 1,1 0,1 1,7 0,1 1,4 0,1 1,15 0,15 0,15 0,15 0,15 0,15 0,15 0,15 0,15 0,15 0,15 0,15 0,4 0,0 0,
1081,10;2 0,1 3,3 0,1 2,2 4,1 5,1 6,1 5,1 4,1 2,2 1,3 2,1 3,1 4,2 2,3 1,1 0,1 1,2 0,1 2,1 0,1 1,5 0,1 1,2 2,4 0,1 2,1 0,1 2,1 1,15 0,15 0,15 0,15 0,15 0,15 0,15 0,15 0,15 0,15 0,15 0,15 0,1 0,0 0,
1091,10;2 0,1 1,2 2,1 0,1 1,1 2,1 5,2 6,2 5,2 1,1 2,1 1,1 2,1 3,1 2,1 3,1 2,2 1,1 0,1 1,1 0,3 1,1 0,1 1,6 0,1 1,2 0,1 1,1 0,1 1,1 0,1 1,1 0,2 1,15 0,15 0,15 0,15 0,15 0,15 0,15 0,15 0,15 0,15 0,15 0,15 0,1 0,0 0,
1101,10;2 0,1 1,1 2,2 0,1 2,1 3,1 5,3 6,1 3,1 1,1 3,2 1,1 0,2 3,1 1,2 2,1 1,1 2,1 1,2 2,1 0,1 1,1 0,1 1,12 0,4 1,15 0,15 0,15 0,15 0,15 0,15 0,15 0,15 0,15 0,15 0,15 0,15 0,2 0,0 0,
1111,11;2 0,1 2,3 0,1 1,2 5,2 6,1 5,1 4,1 3,1 2,1 0,2 1,3 2,1 3,1 2,1 1,1 2,1 3,2 2,2 1,1 0,1 1,6 0,1 1,5 0,3 1,15 0,15 0,15 0,15 0,15 0,15 0,15 0,15 0,15 0,15 0,15 0,15 0,3 0,0 0,
1122,10;2 0,1 2,3 0,1 2,2 4,3 6,1 5,1 3,1 1,2 2,1 1,2 2,1 4,1 2,2 1,1 3,1 4,2 2,1 1,1 0,3 1,6 0,1 1,3 0,1 1,1 0,1 1,2 0,2 1,15 0,15 0,15 0,15 0,15 0,15 0,15 0,15 0,15 0,15 0,15 0,15 0,0 0,
1132,9;5 0,1 1,2 2,1 4,2 6,1 5,1 4,1 2,2 1,2 2,1 3,1 4,1 3,1 2,1 0,1 3,1 4,1 2,1 1,1 2,1 1,10 0,2 1,4 0,3 1,1 0,2 1,15 0,15 0,15 0,15 0,15 0,15 0,15 0,15 0,15 0,15 0,15 0,14 0,0 0,
1141,11;7 0,1 2,2 5,2 6,1 3,1 1,1 0,1 1,1 4,1 3,1 2,1 4,2 3,1 1,1 3,1 2,1 3,2 2,1 1,1 0,2 1,7 0,2 1,2 0,1 1,7 0,1 1,15 0,15 0,15 0,15 0,15 0,15 0,15 0,15 0,15 0,15 0,15 0,13 0,0 0,
1152,10;3 0,1 1,1 2,1 0,2 2,1 4,2 6,1 5,1 3,2 0,1 1,1 3,2 1,2 2,1 3,1 0,1 1,3 3,2 2,1 1,11 0,3 1,1 2,1 1,3 0,1 1,1 0,3 1,15 0,15 0,15 0,15 0,15 0,15 0,15 0,15 0,15 0,15 0,15 0,11 0,
1162,10;4 0,2 1,1 2,1 1,1 5,1 6,1 5,1 4,3 1,4 2,1 1,2 3,3 1,1 3,3 2,2 1,2 0,1 1,7 0,1 1,1 0,2 2,1 1,5 0,4 1,15 0,15 0,15 0,15 0,15 0,15 0,15 0,15 0,15 0,15 0,15 0,10 0,0 0,
1172,9;7 0,1 3,4 5,1 0,1 1,1 5,3 1,1 2,2 3,1 4,1 2,1 0,3 2,1 1,1 2,2 1,9 0,2 1,3 0,1 1,5 0,3 1,15 0,15 0,15 0,15 0,15 0,15 0,15 0,15 0,15 0,15 0,15 0,11 0,
1181,10;7 0,1 2,1 4,3 5,3 2,3 1,5 2,1 1,2 2,2 1,2 2,2 1,13 0,1 1,5 0,1 1,1 0,2 1,15 0,15 0,15 0,15 0,15 0,15 0,15 0,15 0,15 0,15 0,15 0,10 0,
1191,10;4 0,3 1,1 3,1 4,1 5,1 6,1 3,4 2,1 1,1 3,2 2,3 1,7 2,2 1,4 0,1 1,2 0,2 1,7 0,1 1,1 0,1 1,2 0,2 1,15 0,15 0,15 0,15 0,15 0,15 0,15 0,15 0,15 0,15 0,15 0,10 0,
1201,9;5 0,1 1,1 0,1 2,1 4,2 6,2 1,1 2,1 1,4 2,4 1,1 2,2 3,1 2,2 1,2 2,2 1,2 0,2 1,2 0,1 2,1 1,1 0,1 1,2 0,1 1,4 0,5 1,7 0,1 1,15 0,15 0,15 0,15 0,15 0,15 0,15 0,15 0,15 0,15 0,15 0,2 0,
1210,10;5 0,4 2,1 4,1 6,1 3,1 1,1 2,1 1,2 2,1 1,4 2,1 1,1 3,1 4,1 1,4 2,1 1,1 2,1 0,1 1,5 0,1 1,1 0,1 1,2 2,1 0,1 1,3 0,1 2,7 1,15 0,15 0,15 0,15 0,15 0,15 0,15 0,15 0,15 0,15 0,15 0,8 0,
1220,10;3 0,1 2,1 0,1 2,2 1,1 2,2 5,1 3,1 1,2 2,2 1,1 2,1 3,2 2,1 1,1 2,2 3,1 1,1 2,2 1,1 2,1 0,1 1,2 2,7 0,1 1,1 2,2 1,3 0,1 1,1 2,5 1,2 0,1 1,15 0,3 0,1 1,15 0,15 0,15 0,15 0,15 0,15 0,15 0,15 0,15 0,15 0,3 0,
1230,9;6 0,1 1,1 2,2 3,1 4,1 5,1 3,2 1,2 2,1 0,2 2,2 1,1 2,2 3,1 2,1 1,1 2,1 3,1 2,2 0,2 1,8 0,1 1,1 0,3 1,1 0,1 1,1 0,5 1,1 2,15 0,5 0,1 1,15 0,15 0,15 0,15 0,15 0,15 0,15 0,15 0,15 0,15 0,3 0,
1239,10;4 0,2 2,1 1,1 0,1 3,1 5,1 4,2 3,1 1,2 2,2 1,1 2,1 4,1 2,2 1,3 3,1 1,4 2,1 1,1 0,1 1,1 2,1 1,3 0,1 2,3 0,1 1,4 0,3 1,1 3,4 1,1 0,1 1,15 0,15 0,15 0,15 0,15 0,15 0,15 0,15 0,15 0,15 0,15 0,7 0,0 0,
1249,10;3 0,1 1,2 0,2 1,2 3,1 7,1 1,1 3,2 1,2 2,2 1,1 3,1 2,1 1,1 2,1 1,4 2,1 1,1 2,2 1,1 0,1 1,1 0,2 1,5 0,1 1,5 0,3 1,2 0,2 1,1 0,3 1,15 0,15 0,15 0,15 0,15 0,15 0,15 0,15 0,15 0,15 0,15 0,6 0,
1259,10;6 0,2 1,1 2,1 4,1 5,5 2,3 1,1 3,2 1,3 3,2 2,1 3,1 2,5 1,2 0,2 1,2 0,1 2,1 0,1 1,5 0,2 1,1 0,1 1,2 0,1 1,2 0,2 1,15 0,15 0,15 0,15 0,15 0,15 0,15 0,15 0,15 0,15 0,15 0,6 0,
1269,10;7 0,3 2,2 3,1 1,2 2,1 1,1 0,2 2,2 1,1 0,1 1,4 2,1 3,2 2,3 1,1 0,2 1,4 0,1 2,1 1,3 0,1 1,1 0,1 1,3 0,1 1,1 0,3 1,1 0,3 1,2 0,1 1,11 0,1 2,15 0,15 0,15 0,15 0,15 0,15 0,15 0,15 0,15 0,15 0,5 0,0 0,
1279,9;2 0,1 3,2 0,1 1,2 0,1 4,1 2,1 4,1 2,1 3,1 1,1 0,4 3,3 1,2 2,1 3,2 1,1 3,2 2,1 1,3 0,1 1,2 0,1 1,4 0,1 1,2 0,1 1,5 0,1 1,1 0,3 1,1 0,1 1,1 2,1 1,1 0,2 1,11 0,1 1,15 0,15 0,15 0,15 0,15 0,15 0,15 0,15 0,15 0,15 0,5 0,0 0,
1288,11;2 0,3 2,1 1,1 0,1 2,1 4,1 2,1 3,2 2,2 1,1 3,2 4,1 2,1 1,2 2,3 3,1 0,4 2,1 1,3 0,2 1,2 0,1 1,1 0,1 1,8 0,8 1,1 0,6 1,15 0,15 0,15 0,15 0,15 0,15 0,15 0,15 0,15 0,15 0,15 0,1 0,0 0,
1299,9;2 0,1 1,1 2,3 0,2 2,2 3,1 2,2 1,4 2,1 1,2 2,1 1,1 2,2 3,1 1,3 2,3 1,2 0,1 1,1 0,1 1,1 0,4 1,7 0,8 1,1 0,2 1,1 0,4 1,15 0,15 0,15 0,15 0,15 0,15 0,15 0,15 0,15 0,15 0,15 0,
1308,11;2 0,2 1,2 0,1 1,2 0,1 3,2 2,1 4,1 1,1 3,1 4,1 5,1 1,1 2,2 1,3 2,1 3,1 0,2 1,1 2,3 1,3 0,3 1,2 0,1 2,1 1,1 0,1 1,2 0,1 1,5 0,5 1,2 0,1 1,1 0,2 1,1 2,2 1,15 0,15 0,15 0,15 0,15 0,15 0,15 0,15 0,15 0,15 0,14 0,0 0,
1319,9;6 0,1 2,2 1,1 3,1 4,1 3,1 5,1 2,1 1,1 4,4 2,2 1,1 2,2 3,2 1,1 2,1 3,1 2,2 1,4 0,2 1,3 0,3 1,1 0,3 1,1 0,7 1,2 0,6 1,15 0,15 0,15 0,15 0,15 0,15 0,15 0,15 0,15 0,15 0,15 0,1 0,0 0,
1328,10;7 0,1 1,4 3,1 4,3 2,1 1,1 3,2 2,1 1,2 2,2 3,2 2,1 1,1 0,4 1,1 0,1 1,1 0,1 1,1 0,1 1,2 0,3 1,1 0,3 1,2 0,6 1,1 0,2 2,6 1,15 0,15 0,15 0,15 0,15 0,15 0,15 0,15 0,15 0,15 0,15 0,0 0,
1338,10;4 0,2 1,1 0,1 1,1 2,1 3,1 2,1 1,1 2,1 1,1 3,1 1,1 2,1 3,1 1,1 3,1 2,1 3,1 2,1 3,1 2,2 1,2 2,1 1,3 0,2 1,1 2,6 0,4 1,6 0,1 1,2 0,1 1,2 0,1 1,1 0,5 1,15 0,15 0,15 0,15 0,15 0,15 0,15 0,15 0,15 0,15 0,15 0,
1348,10;2 0,1 2,3 0,1 1,2 2,1 3,1 5,1 1,2 2,1 4,2 2,3 1,1 2,1 3,1 1,1 3,1 2,3 1,1 2,1 1,3 0,2 1,1 0,1 1,1 0,1 1,4 0,3 1,2 0,1 1,5 0,1 1,1 2,1 1,1 0,2 1,1 2,4 1,15 0,15 0,15 0,15 0,15 0,15 0,15 0,15 0,15 0,15 0,15 0,0 0,
1358,9;2 0,1 1,1 0,1 1,1 2,1 1,1 2,2 3,1 5,1 3,1 2,3 1,1 0,1 3,1 1,1 2,1 4,1 3,1 1,2 2,1 1,1 0,1 2,2 1,1 0,1 1,1 0,2 1,1 3,1 1,1 0,1 1,2 0,5 1,1 0,1 1,3 0,1 1,2 0,1 1,1 2,3 1,1 0,1 2,3 1,15 0,15 0,15 0,15 0,15 0,15 0,15 0,15 0,15 0,15 0,15 0,1 0,0 0,
1367,10;2 0,2 1,2 0,1 2,1 3,1 2,1 3,1 4,1 1,2 2,1 0,1 1,1 2,1 3,1 2,1 1,1 2,1 3,2 1,2 2,1 1,2 2,1 1,1 0,2 1,1 2,4 0,2 1,1 0,7 1,1 0,1 1,1 0,1 1,1 0,2 1,1 2,1 1,1 0,4 1,1 2,1 1,15 0,15 0,15 0,15 0,15 0,15 0,15 0,15 0,15 0,15 0,15 0,1 0,
1377,10;2 0,1 3,1 1,1 0,1 3,1 0,3 3,1 5,1 1,1 2,1 4,1 1,2 3,2 2,1 1,2 2,1 1,1 2,2 1,3 2,2 1,1 0,1 1,1 2,4 1,3 0,4 1,1 0,2 1,1 0,2 1,2 0,4 1,1 0,6 1,15 0,15 0,15 0,15 0,15 0,15 0,15 0,15 0,15 0,15 0,15 0,1 0,0 0,
1387,9;2 0,1 3,3 0,1 2,2 3,1 4,1 5,2 2,1 3,1 2,1 0,1 2,1 3,3 2,1 1,1 3,1 2,3 1,4 2,3 0,1 1,1 0,4 1,1 0,4 1,1 0,1 1,2 0,2 1,1 0,1 1,2 0,2 1,1 0,6 1,15 0,15 0,15 0,15 0,15 0,15 0,15 0,15 0,15 0,15 0,15 0,1 0,0 0,
1396,10;2 0,1 2,3 0,1 3,1 2,1 4,1 5,1 2,2 3,1 1,1 2,2 1,3 2,1 3,1 2,2 1,1 2,1 1,1 2,1 1,3 2,2 0,6 1,1 2,2 1,1 2,2 1,1 0,1 1,4 0,1 2,9 1,1 0,1 1,1 2,15 0,15 0,15 0,15 0,15 0,15 0,15 0,15 0,15 0,15 0,15 0,1 0,0 0,
1406,10;1 0,1 1,1 2,1 1,1 2,1 0,1 2,1 3,2 4,1 3,1 5,10 2,1 1,4 2,1 1,1 2,1 1,1 2,2 0,5 1,1 2,9 1,2 0,1 1,3 0,2 1,1 0,3 1,2 0,1 1,15 0,15 0,15 0,15 0,15 0,15 0,15 0,15 0,15 0,15 0,15 0,2 0,
1416,10;2 0,1 2,2 0,1 1,1 2,1 3,1 4,2 3,1 4,1 2,1 3,1 2,1 3,2 1,3 2,1 1,7 2,2 1,3 0,1 1,1 2,2 1,1 3,1 1,1 2,3 1,6 0,1 1,3 0,1 1,1 0,3 1,15 0,15 0,15 0,15 0,15 0,15 0,15 0,15 0,15 0,15 0,15 0,6 0,
1426,10;2 0,1 2,1 1,1 0,1 1,2 3,1 2,3 3,3 2,1 1,6 2,2 1,1 2,1 1,4 2,1 1,3 0,1 2,1 3,2 1,1 3,2 2,4 1,2 0,1 1,1 0,2 1,2 0,2 1,1 0,3 1,15 0,15 0,15 0,15 0,15 0,15 0,15 0,15 0,15 0,15 0,15 0,6 0,0 0,
1436,10;1 0,1 1,1 2,3 0,1 3,1 4,4 3,1 2,1 3,2 2,2 1,3 2,1 1,1 2,1 1,6 2,3 0,4 1,1 2,2 3,2 2,1 1,2 0,2 1,5 0,1 1,1 0,1 1,2 0,3 1,15 0,15 0,15 0,15 0,15 0,15 0,15 0,15 0,15 0,15 0,15 0,5 0,
1446,10;2 0,1 3,2 0,1 1,1 2,4 4,1 5,4 2,3 1,1 2,1 1,9 2,3 1,1 0,3 2,1 3,1 4,2 3,1 2,1 1,1 0,2 1,2 0,1 1,2 0,2 1,4 0,3 1,15 0,15 0,15 0,15 0,15 0,15 0,15 0,15 0,15 0,15 0,15 0,5 0,
1456,11;2 0,1 2,1 1,2 0,1 2,1 4,5 3,2 2,1 1,1 0,3 2,1 3,5 2,2 3,1 2,3 0,2 1,1 3,2 2,1 3,2 4,1 3,1 2,1 1,3 0,2 1,4 0,1 1,5 0,2 1,15 0,15 0,15 0,15 0,15 0,15 0,15 0,15 0,15 0,15 0,15 0,5 0,
1467,9;2 0,1 2,1 0,1 1,1 0,1 2,4 4,1 3,3 2,2 1,1 3,3 2,1 3,3 1,1 2,2 3,1 2,5 1,1 2,2 3,4 4,1 2,1 1,1 0,3 1,15 0,15 0,15 0,15 0,15 0,15 0,15 0,15 0,15 0,15 0,15 0,15 0,3 0,
1476,10;6 0,1 3,4 4,1 3,4 2,1 1,3 2,1 3,2 2,2 1,1 2,1 3,2 2,1 1,2 2,1 1,2 2,2 3,2 5,2 4,1 3,1 2,1 0,3 1,13 0,2 1,15 0,15 0,15 0,15 0,15 0,15 0,15 0,15 0,15 0,15 0,15 0,3 0,
1486,10;2 0,1 1,2 0,1 1,1 2,3 4,1 5,2 3,2 2,1 1,1 2,1 1,3 2,5 1,1 3,1 2,3 1,1 3,1 1,3 2,1 4,4 5,1 3,2 1,2 0,1 1,14 0,1 1,15 0,15 0,15 0,15 0,15 0,15 0,15 0,15 0,15 0,15 0,15 0,3 0,
1496,10;2 0,1 1,2 0,1 1,1 2,2 4,4 3,1 2,1 1,1 2,1 1,1 2,1 3,3 2,1 1,1 2,2 1,2 2,1 4,1 1,1 0,1 2,3 1,1 2,1 4,1 5,1 6,1 5,1 4,1 2,1 1,1 0,1 1,1 0,1 1,14 0,1 2,15 0,15 0,15 0,15 0,15 0,15 0,15 0,15 0,15 0,15 0,15 0,3 0,0 0,
1506,10;1 0,2 1,1 0,1 2,1 0,1 2,4 4,1 2,1 3,2 2,1 1,1 2,1 3,4 2,4 1,1 3,1 2,3 1,1 0,1 1,3 2,1 3,3 5,1 3,1 2,1 1,1 2,2 1,9 0,2 1,15 0,15 0,15 0,15 0,15 0,15 0,15 0,15 0,15 0,15 0,15 0,8 0,
1516,10;1 0,1 1,1 2,2 0,1 1,1 2,4 4,1 2,1 3,2 2,2 1,1 2,1 1,2 2,1 1,2 2,1 1,1 2,1 3,3 2,1 3,1 2,4 1,2 4,2 5,1 3,1 2,1 0,1 3,2 0,1 2,1 0,1 1,15 0,15 0,15 0,15 0,15 0,15 0,15 0,15 0,15 0,15 0,15 0,15 0,1 0,
1526,10;2 0,2 3,1 2,1 1,1 2,1 4,1 5,1 4,1 3,1 2,2 3,2 2,1 1,1 3,5 2,5 1,1 2,1 3,1 2,2 1,1 3,2 1,2 4,2 5,1 3,1 2,1 0,1 1,3 0,2 1,6 0,1 1,15 0,15 0,15 0,15 0,15 0,15 0,15 0,15 0,15 0,15 0,15 0,9 0,
1536,9;1 0,1 1,1 0,1 2,1 0,2 2,3 4,1 3,1 2,1 3,8 2,1 1,2 2,7 1,1 2,1 1,1 2,2 1,1 3,1 4,1 6,1 4,1 3,1 1,1 0,2 1,3 0,1 1,15 0,15 0,15 0,15 0,15 0,15 0,15 0,15 0,15 0,15 0,15 0,15 0,1 0,0 0,
1545,10;6 0,1 2,2 4,2 3,5 2,1 1,1 2,1 1,3 2,5 1,1 2,3 1,1 2,5 1,1 3,1 5,1 4,1 2,3 1,1 0,1 2,15 0,15 0,15 0,15 0,15 0,15 0,15 0,15 0,15 0,15 0,15 0,15 0,4 0,
1555,9;5 0,2 1,1 4,1 5,1 4,1 3,2 2,1 1,1 2,3 1,6 2,3 1,1 2,7 1,1 0,1 2,1 3,1 4,1 3,1 2,3 1,3 0,1 1,15 0,15 0,15 0,15 0,15 0,15 0,15 0,15 0,15 0,15 0,15 0,15 0,2 0,
1564,10;6 0,1 2,3 4,4 3,2 1,1 3,4 2,1 1,4 2,2 1,2 2,3 1,1 2,1 1,1 0,2 1,1 4,1 3,1 2,3 1,3 0,1 1,15 0,15 0,15 0,15 0,15 0,15 0,15 0,15 0,15 0,15 0,15 0,15 0,2 0,0 0,
1574,10;5 0,1 1,1 2,2 4,3 3,3 2,1 1,1 2,1 1,5 2,2 3,3 2,3 1,3 2,4 1,2 2,3 1,1 0,2 1,15 0,15 0,15 0,15 0,15 0,15 0,15 0,15 0,15 0,15 0,15 0,15 0,4 0,
1584,9;2 0,1 1,3 0,1 1,1 4,1 3,1 4,2 3,2 2,2 1,6 2,2 3,4 2,1 0,1 2,2 1,1 2,2 1,1 0,4 1,1 2,6 1,15 0,15 0,15 0,15 0,15 0,15 0,15 0,15 0,15 0,15 0,15 0,15 0,3 0,0 0,
1593,10;2 0,1 2,1 0,1 1,1 2,1 1,4 3,2 2,2 1,1 2,2 1,5 2,1 3,1 1,3 2,2 1,1 0,3 1,1 2,2 1,1 2,3 1,1 0,2 1,1 0,2 1,7 0,1 1,15 0,15 0,15 0,15 0,15 0,15 0,15 0,15 0,15 0,15 0,15 0,10 0,
1603,10;4 0,3 1,1 4,3 3,3 2,2 1,3 2,1 3,3 2,1 1,1 0,1 1,3 2,1 1,1 0,2 1,2 2,1 1,1 2,1 1,1 5,1 1,1 0,1 2,1 0,3 1,5 0,1 1,15 0,15 0,15 0,15 0,15 0,15 0,15 0,15 0,15 0,15 0,15 0,13 0,
1613,10;1 0,1 1,1 0,2 1,1 0,1 1,1 3,1 4,5 2,1 1,1 2,1 1,1 2,1 3,4 2,2 1,2 0,1 3,1 1,1 3,1 2,2 1,2 2,1 1,1 2,9 1,4 0,2 1,15 0,15 0,15 0,15 0,15 0,15 0,15 0,15 0,15 0,9 0,2 3,1 4,1 0,2 6,2 7,1 6,1 4,15 0,9 0,0 0,
1623,9;4 0,1 1,1 0,1 1,1 4,2 3,3 2,3 1,5 2,9 1,1 2,1 1,2 2,6 1,2 0,4 1,1 0,1 1,2 0,1 1,1 0,1 1,15 0,15 0,15 0,15 0,15 0,15 0,15 0,15 0,14 0,1 6,2 7,1 6,3 0,1 4,2 5,2 7,1 6,1 8,3 9,1 8,1 7,15 0,9 0,0 0,
1632,10;6 0,1 1,3 3,5 2,1 1,7 2,1 0,1 2,2 1,2 2,1 1,1 2,2 1,1 2,3 1,1 2,1 1,1 0,4 1,1 0,3 1,1 0,2 1,15 0,15 0,15 0,15 0,15 0,15 0,15 0,15 0,15 0,1 0,1 8,2 10,1 9,1 6,1 4,1 5,1 6,1 7,1 8,8 9,1 7,1 5,15 0,8 0,0 0,
1642,10;4 0,1 1,1 0,1 1,4 3,1 1,11 2,1 1,2 2,1 1,2 2,1 1,1 3,2 2,5 1,1 2,2 1,1 2,5 1,2 0,2 1,15 0,15 0,15 0,15 0,15 0,15 0,15 0,15 0,15 0,1 0,1 5,1 6,2 7,3 6,2 7,1 8,8 9,1 7,1 4,12 0,3 5,3 6,1 4,1 5,1 4,1 5,1 0,
1652,10;5 0,1 2,1 1,2 3,5 2,2 1,2 2,1 3,5 2,1 1,4 2,1 1,2 2,3 1,1 2,2 1,1 2,6 1,1 0,2 1,15 0,15 0,15 0,15 0,15 0,15 0,15 0,15 0,15 0,4 0,2 4,1 5,4 6,5 7,3 8,1 9,1 8,1 7,1 5,1 4,1 3,11 0,2 3,1 5,1 6,2 7,1 5,1 6,2 4,1 3,
1662,9;3 0,1 2,1 1,2 2,1 3,2 2,1 3,9 2,1 1,1 2,1 1,2 2,2 1,2 2,1 1,1 2,2 1,1 2,2 1,1 0,1 1,2 2,1 1,1 2,6 1,15 0,15 0,15 0,15 0,15 0,15 0,15 0,15 0,9 0,10 3,1 4,2 5,5 6,5 7,2 6,1 7,1 6,1 5,3 4,2 0,1 4,10 0,2 4,1 6,1 5,2 4,3 0,
1671,11;2 0,2 1,2 0,1 1,1 3,1 2,4 3,1 2,1 4,1 2,1 3,8 2,3 1,2 2,4 1,2 2,2 1,2 2,7 1,15 0,15 0,15 0,15 0,15 0,15 0,15 0,15 0,10 0,4 3,7 4,3 5,1 6,2 5,3 6,2 7,4 6,2 5,2 4,1 3,2 0,1 4,1 3,15 0,3 0,
1682,9;3 0,1 2,1 1,1 0,1 1,1 3,3 2,1 1,1 2,1 3,1 4,6 2,2 1,2 2,3 1,4 2,3 1,1 2,2 1,2 2,4 1,1 0,3 1,15 0,15 0,15 0,15 0,15 0,15 0,15 0,15 0,10 0,2 4,1 3,8 4,13 5,1 4,1 5,5 4,1 0,2 3,15 0,3 0,0 0,
1691,10;2 0,1 1,3 0,3 3,3 2,1 3,5 2,2 3,3 2,2 1,1 2,2 1,1 2,1 1,1 2,2 1,1 2,2 1,1 2,1 1,1 2,2 1,1 0,6 1,2 0,1 1,15 0,15 0,15 0,15 0,15 0,15 0,15 0,15 0,7 0,1 4,1 5,2 4,9 5,1 4,6 5,1 4,4 5,6 4,1 5,1 4,1 0,1 3,15 0,2 0,
1701,10;5 0,1 1,1 0,1 2,1 3,2 2,1 3,3 2,1 3,1 2,1 3,1 2,1 3,2 2,1 3,1 1,2 2,2 1,1 2,1 1,1 2,1 1,1 2,3 1,1 2,1 1,1 2,4 1,1 2,3 1,3 0,1 2,1 1,15 0,15 0,15 0,15 0,15 0,15 0,15 0,15 0,6 0,1 3,1 5,1 4,2 5,2 6,2 5,2 6,6 5,2 6,4 5,1 6,7 5,1 4,1 5,3 4,1 0,2 3,7 0,1 4,1 3,2 4,2 3,
1711,10;6 0,1 2,3 3,1 2,3 3,1 2,1 3,1 2,2 3,1 2,2 3,1 4,2 1,1 2,1 1,1 2,1 1,7 2,3 1,1 2,7 1,3 0,1 1,1 2,1 1,15 0,15 0,15 0,15 0,15 0,15 0,15 0,15 0,5 0,1 3,1 4,4 5,10 6,3 5,6 6,1 7,3 6,4 5,6 4,4 0,9 4,
1721,10;5 0,1 1,1 2,3 3,1 2,1 3,1 2,2 3,2 2,4 3,3 2,1 1,1 2,3 1,6 2,1 1,1 2,1 1,2 2,1 0,2 1,1 2,3 1,2 0,3 1,15 0,15 0,15 0,15 0,15 0,15 0,15 0,15 0,9 0,1 3,2 4,1 5,4 6,1 7,6 6,1 5,9 6,7 5,4 4,2 0,1 3,1 0,1 4,1 5,4 4,1 5,1 4,1 5,0 0,
1731,9;2 0,4 2,3 3,4 2,1 3,1 2,5 3,3 2,5 1,3 2,1 3,1 2,3 1,2 2,3 1,1 2,10 1,15 0,15 0,15 0,15 0,15 0,15 0,15 0,15 0,11 0,1 3,3 4,5 5,4 6,1 5,3 6,2 5,2 6,3 5,4 4,3 5,2 6,5 4,9 5,
1740,11;4 0,4 2,1 3,1 2,1 3,2 2,7 3,1 2,1 3,2 2,1 1,2 2,3 1,2 3,1 2,6 1,1 2,5 1,1 0,4 1,2 3,1 1,15 0,15 0,15 0,15 0,15 0,15 0,15 0,15 0,15 0,2 0,4 4,10 5,4 4,2 5,1 6,3 7,1 8,1 9,1 8,3 4,4 5,1 6,1 5,1 6,2 5,1 6,
1751,9;5 0,1 1,1 0,1 2,2 3,4 2,1 3,1 2,1 3,1 2,3 3,5 2,3 1,1 2,1 3,4 2,7 1,1 2,1 1,3 0,3 1,3 5,1 1,15 0,15 0,15 0,15 0,15 0,15 0,15 0,15 0,15 0,4 0,1 3,2 4,1 5,7 4,2 3,1 5,1 6,4 7,2 9,1 8,1 9,1 8,1 6,5 5,1 6,2 5,2 6,1 5,1 6,
1760,10;4 0,3 1,3 2,1 4,1 2,1 3,1 2,7 3,4 2,2 1,1 2,1 1,8 2,3 1,1 2,4 1,1 0,4 1,1 3,2 6,1 4,15 0,15 0,15 0,15 0,15 0,15 0,15 0,15 0,15 0,12 0,1 4,1 3,3 0,2 5,3 6,1 7,1 9,2 10,2 8,1 6,4 5,3 6,1 5,4 6,0 0,
1770,10;4 0,1 1,2 2,1 3,2 2,2 3,4 2,4 3,1 2,1 3,2 2,2 3,1 1,1 2,1 3,8 2,2 1,1 2,3 1,1 2,6 1,1 2,1 4,1 7,1 4,15 0,15 0,15 0,15 0,15 0,15 0,15 0,15 0,15 0,15 0,5 0,1 4,2 6,1 7,5 8,1 7,1 6,1 5,1 6,1 5,1 6,1 5,5 6,
1780,10;2 0,1 1,1 2,1 0,2 2,1 3,2 2,3 3,2 2,5 3,1 2,1 3,14 2,3 1,2 2,3 1,1 2,5 1,3 2,1 3,1 1,15 0,15 0,15 0,15 0,15 0,15 0,15 0,15 0,15 0,15 0,5 0,1 3,2 4,1 5,1 6,1 7,3 8,1 7,2 5,2 6,1 7,5 6,0 0,
1790,10;2 0,1 1,1 2,1 0,1 3,1 2,1 4,1 2,1 3,1 2,1 3,1 4,2 2,6 3,15 2,3 1,1 2,9 1,1 0,1 2,5 3,15 0,15 0,15 0,15 0,15 0,15 0,15 0,15 0,15 0,15 0,7 0,2 4,1 5,5 6,1 5,1 6,1 8,1 7,2 6,1 5,1 6,1 7,0 0,
1800,10;3 0,2 2,1 1,1 3,1 5,3 2,2 3,2 2,2 3,1 2,2 3,2 2,1 3,1 2,1 3,9 2,1 1,1 2,8 1,1 2,2 1,1 0,3 1,1 3,1 5,1 6,1 5,1 4,15 0,15 0,15 0,15 0,15 0,15 0,15 0,15 0,15 0,15 0,10 0,2 4,1 5,1 4,2 5,1 7,1 8,2 7,4 6,0 0,
1810,10;2 0,1 1,1 2,1 3,1 1,1 6,1 4,1 2,1 3,1 2,1 3,2 2,1 3,3 2,2 3,1 2,1 3,1 2,2 3,2 2,1 3,7 2,1 1,1 2,1 1,1 2,5 1,1 2,6 1,1 2,2 6,1 5,1 4,2 1,15 0,15 0,15 0,15 0,15 0,15 0,15 0,15 0,15 0,15 0,11 0,1 3,2 4,8 6,
1820,10;2 0,1 1,1 0,1 4,1 2,1 4,1 1,1 2,1 3,1 2,1 3,2 2,1 3,3 2,1 3,2 2,1 3,1 2,2 3,11 2,6 1,3 2,7 1,2 3,2 4,1 3,3 1,15 0,15 0,15 0,15 0,15 0,15 0,15 0,15 0,15 0,15 0,12 0,2 4,2 6,1 5,2 6,1 7,0 0,
1830,10;4 0,1 3,1 1,2 2,3 3,7 2,2 3,1 2,2 3,1 2,1 3,1 2,3 3,7 2,9 1,1 2,6 1,3 2,1 4,1 2,4 1,15 0,15 0,15 0,15 0,15 0,15 0,15 0,15 0,15 0,15 0,11 0,2 3,3 4,1 5,2 6,
1840,10;4 0,1 3,1 0,1 3,1 1,2 2,1 3,1 2,1 4,5 2,1 4,1 3,2 2,7 3,1 2,1 3,4 2,3 1,1 0,6 1,1 2,8 1,5 2,1 1,2 2,15 0,15 0,15 0,15 0,15 0,15 0,15 0,15 0,15 0,15 0,14 0,1 3,2 4,1 5,0 0,
1850,9;4 0,1 4,4 2,1 3,1 2,3 3,2 2,1 3,1 2,1 3,1 4,4 3,1 2,3 3,1 2,2 3,1 2,6 1,1 0,2 1,2 2,1 1,2 2,6 1,2 2,1 3,1 2,2 3,4 2,15 0,15 0,15 0,15 0,15 0,15 0,15 0,15 0,15 0,15 0,15 0,2 0,1 4,
1859,11;2 0,2 1,1 3,1 2,2 1,1 2,1 3,1 2,1 3,3 2,1 1,3 2,2 3,1 2,3 3,1 2,2 3,1 2,1 3,2 2,6 1,2 0,2 1,5 2,2 1,1 2,2 1,3 2,4 4,1 3,2 2,15 0,15 0,15 0,15 0,15 0,15 0,15 0,15 0,15 0,15 0,15 0,3 0,0 0,
1870,9;2 0,1 1,3 0,2 1,2 2,1 4,1 3,8 2,1 3,1 2,2 3,3 2,3 3,2 2,5 1,1 2,4 1,1 0,1 1,1 2,1 3,2 2,1 1,4 2,2 4,1 3,5 4,1 3,15 0,15 0,15 0,15 0,15 0,15 0,15 0,15 0,15 0,15 0,15 0,3 0,
1879,10;5 0,1 1,4 2,1 1,2 2,1 3,2 2,2 1,1 2,1 3,3 2,1 3,2 2,4 3,2 2,3 1,1 0,3 1,1 0,3 1,3 2,1 3,2 1,1 2,1 3,1 2,1 3,1 4,2 3,1 5,1 4,1 5,1 6,1 5,1 4,8 0,2 1,15 0,15 0,15 0,15 0,15 0,15 0,15 0,15 0,15 0,15 0,8 0,
1889,10;4 0,1 1,1 2,2 1,3 2,1 1,1 2,1 3,2 2,1 1,2 2,1 3,4 2,1 3,1 2,2 3,1 2,1 3,10 1,1 2,2 1,3 2,1 3,1 2,1 1,1 2,4 3,2 4,1 3,1 4,1 5,2 6,1 5,1 3,7 0,1 1,1 2,15 0,15 0,15 0,15 0,15 0,15 0,15 0,15 0,15 0,15 0,8 0,
1899,10;2 0,1 1,2 0,1 1,1 0,1 2,1 1,1 2,1 3,4 2,2 1,2 2,1 3,1 2,1 3,4 2,1 4,2 3,2 2,1 1,1 0,3 1,2 0,7 1,4 2,1 1,1 2,1 4,1 2,1 3,1 4,1 3,4 2,1 4,1 6,1 3,4 0,1 1,13 0,1 2,15 0,15 0,15 0,15 0,15 0,15 0,15 0,15 0,15 0,13 0,
1909,10;2 0,1 1,3 0,1 1,8 2,1 1,2 2,1 3,1 2,1 1,1 4,1 3,1 2,2 3,1 4,3 3,1 2,1 1,1 2,1 1,2 3,1 0,8 1,1 2,5 1,1 3,1 2,1 3,1 4,2 3,1 2,2 1,1 3,1 4,2 2,3 0,2 1,4 0,2 2,6 0,1 1,15 0,15 0,15 0,15 0,15 0,15 0,15 0,15 0,15 0,13 0,0 0,
1919,9;2 0,1 1,3 0,11 2,3 3,1 2,3 3,1 2,1 3,1 4,3 3,2 2,2 1,2 3,1 1,1 0,7 1,1 0,1 1,1 2,4 1,2 2,3 3,1 2,2 1,1 2,2 3,1 1,3 0,2 1,4 0,1 2,1 1,15 0,15 0,15 0,15 0,15 0,15 0,15 0,15 0,15 0,15 0,5 0,
1928,10;2 0,1 2,3 0,2 1,1 2,2 3,1 2,2 3,5 2,2 3,1 2,1 3,1 2,2 3,1 4,3 3,2 2,1 1,1 0,6 1,1 2,11 1,1 2,1 1,2 3,2 2,2 1,1 0,1 2,2 1,15 0,15 0,15 0,15 0,15 0,15 0,15 0,15 0,15 0,15 0,15 0,1 0,
1938,10;1 0,1 1,1 2,2 0,1 2,3 1,1 4,4 2,1 3,2 2,1 3,4 2,2 3,1 2,6 3,2 2,6 1,1 0,12 1,1 2,1 1,2 2,1 1,3 2,1 0,3 1,15 0,15 0,15 0,15 0,15 0,15 0,15 0,15 0,15 0,15 0,15 0,1 0,
1948,10;2 0,1 2,1 0,3 1,6 2,1 3,2 2,2 3,3 2,1 3,3 2,1 4,5 3,2 2,4 1,1 0,1 2,4 1,2 0,9 1,1 2,1 1,1 0,3 1,4 0,1 2,1 1,1 2,1 1,7 0,1 2,15 0,2 0,1 2,1 5,1 3,15 0,15 0,15 0,15 0,15 0,15 0,15 0,15 0,14 0,0 0,